           0  0.000000000000000E+000   23.7946330803006     
           1  0.180000007152557        23.6763604645831     
           2  0.360000014305115        23.5625323616344     
           3  0.540000021457672        23.4551079215628     
           4  0.720000028610229        23.3568590951882     
           5  0.900000035762787        23.2718135680148     
           6   1.08000004291534        23.2056365047955     
           7   1.26000005006790        23.1655592895973     
           8   1.44000005722046        23.1593471958305     
           9   1.62000006437302        23.1932195665378     
          10   1.80000007152557        23.2694688713142     
          11   1.98000007867813        23.3850946830039     
          12   2.16000008583069        23.5324042788595     
          13   2.34000009298325        23.7013800508765     
          14   2.52000010013580        23.8826284515629     
          15   2.70000010728836        24.0696347610018     
          16   2.88000011444092        24.2596665773600     
          17   3.06000012159348        24.4533416807599     
          18   3.24000012874603        24.6532166716412     
          19   3.42000013589859        24.8618214984821     
          20   3.60000014305115        25.0795957001549     
          21   3.78000015020370        25.3032799077186     
          22   3.96000015735626        25.5253517279741     
          23   4.14000016450882        25.7348652232397     
          24   4.32000017166138        25.9195608597345     
          25   4.50000017881393        26.0686327578730     
          26   4.68000018596649        26.1753526539811     
          27   4.86000019311905        26.2388769796125     
          28   5.04000020027161        26.2648203600772     
          29   5.22000020742416        26.2644139637017     
          30   5.40000021457672        26.2522857008577     
          31   5.58000022172928        26.2431865180737     
          32   5.76000022888184        26.2483504301026     
          33   5.94000023603439        26.2724638611332     
          34   6.12000024318695        26.3122069705607     
          35   6.30000025033951        26.3569112389755     
          36   6.48000025749207        26.3911933645779     
          37   6.66000026464462        26.3987912231950     
          38   6.84000027179718        26.3665243382897     
          39   7.02000027894974        26.2873888904518     
          40   7.20000028610229        26.1621163929627     
          41   7.38000029325485        25.9988837698778     
          42   7.56000030040741        25.8112049278987     
          43   7.74000030755997        25.6144165789658     
          44   7.92000031471252        25.4215924202211     
          45   8.10000032186508        25.2400128595955     
          46   8.28000032901764        25.0692556064376     
          47   8.46000033617020        24.9014810500919     
          48   8.64000034332275        24.7237279526403     
          49   8.82000035047531        24.5213340897683     
          50   9.00000035762787        24.2813034913076     
          51   9.18000036478043        23.9947415313823     
          52   9.36000037193298        23.6582193716086     
          53   9.54000037908554        23.2746442108488     
          54   9.72000038623810        22.8543472484183     
          55   9.90000039339066        22.4163507546464     
          56   10.0800004005432        21.9884527443672     
          57   10.2600004076958        21.6040136633890     
          58   10.4400004148483        21.2946462557442     
          59   10.6200004220009        21.0814760032106     
          60   10.8000004291534        20.9701172188781     
          61   10.9800004363060        20.9523275902970     
          62   11.1600004434586        21.0122333034481     
          63   11.3400004506111        21.1326491910058     
          64   11.5200004577637        21.2986109204858     
          65   11.7000004649162        21.4975976603535     
          66   11.8800004720688        21.7174209721100     
          67   12.0600004792213        21.9438024562506     
          68   12.2400004863739        22.1597653872413     
          69   12.4200004935265        22.3473206189378     
          70   12.6000005006790        22.4898130177146     
          71   12.7800005078316        22.5730347651979     
          72   12.9600005149841        22.5850496848644     
          73   13.1400005221367        22.5164800927784     
          74   13.3200005292892        22.3628424406458     
          75   13.5000005364418        22.1285398782578     
          76   13.6800005435944        21.8300395870704     
          77   13.8600005507469        21.4950016377049     
          78   14.0400005578995        21.1551611405899     
          79   14.2200005650520        20.8337551130619     
          80   14.4000005722046        20.5325325290757     
          81   14.5800005793571        20.2257884502278     
          82   14.7600005865097        19.8659006231356     
          83   14.9400005936623        19.3981915382236     
          84   15.1200006008148        18.7790984129048     
          85   15.3000006079674        17.9937883803622     
          86   15.4800006151199        17.0742439443108     
          87   15.6600006222725        16.1207046251103     
          88   15.8400006294250        15.3181996886311     
          89   16.0200006365776        14.9031594974497     
          90   16.2000006437302        15.0280543796439     
          91   16.3800006508827        15.6316912172392     
          92   16.5600006580353        16.5078381327913     
          93   16.7400006651878        17.4716207021117     
          94   16.9200006723404        18.4299031325264     
          95   17.1000006794930        19.3620015247866     
          96   17.2800006866455        20.2783726411635     
          97   17.4600006937981        21.1868408786849     
          98   17.6400007009506        22.0744834025802     
          99   17.8200007081032        22.9072274928819     
         100   18.0000007152557        23.6428141270496     
         101   18.1800007224083        24.2473552891324     
         102   18.3600007295609        24.7065174566908     
         103   18.5400007367134        25.0272066605022     
         104   18.7200007438660        25.2299463357629     
         105   18.9000007510185        25.3357762269484     
         106   19.0800007581711        25.3550798339437     
         107   19.2600007653236        25.2856481787785     
         108   19.4400007724762        25.1207479893423     
         109   19.6200007796288        24.8603189298112     
         110   19.8000007867813        24.5164830583129     
         111   19.9800007939339        24.1078094555199     
         112   20.1600008010864        23.6428581628402     
         113   20.3400008082390        23.1022878991863     
         114   20.5200008153915        22.4339189666989     
         115   20.7000008225441        21.5666924942050     
         116   20.8800008296967        20.4347165693368     
         117   21.0600008368492        18.9998952544676     
         118   21.2400008440018        17.2737317593293     
         119   21.4200008511543        15.3631854914283     
         120   21.6000008583069        13.5991118753199     
         121   21.7800008654594        12.6619144861047     
         122   21.9600008726120        13.0323630759466     
         123   22.1400008797646        14.2266458463844     
         124   22.3200008869171        15.5370043511358     
         125   22.5000008940697        16.6674728315718     
         126   22.6800009012222        17.6007381633197     
         127   22.8600009083748        18.4092691615207     
         128   23.0400009155273        19.1547216213491     
         129   23.2200009226799        19.8443562237970     
         130   23.4000009298325        20.4356362870498     
         131   23.5800009369850        20.8722649407701     
         132   23.7600009441376        21.1221179730160     
         133   23.9400009512901        21.1973891214959     
         134   24.1200009584427        21.1510654054753     
         135   24.3000009655952        21.0516367697154     
         136   24.4800009727478        20.9509614801686     
         137   24.6600009799004        20.8701928853988     
         138   24.8400009870529        20.8100203966775     
         139   25.0200009942055        20.7650468376346     
         140   25.2000010013580        20.7288823908806     
         141   25.3800010085106        20.6943954174032     
         142   25.5600010156631        20.6498055384524     
         143   25.7400010228157        20.5685738507509     
         144   25.9200010299683        20.4070638956087     
         145   26.1000010371208        20.1254859005791     
         146   26.2800010442734        19.7209032274210     
         147   26.4600010514259        19.2440331014885     
         148   26.6400010585785        18.7822207799655     
         149   26.8200010657310        18.4147938436103     
         150   27.0000010728836        18.1674571554993     
         151   27.1800010800362        17.9940556583732     
         152   27.3600010871887        17.8023947220755     
         153   27.5400010943413        17.5182846452218     
         154   27.7200011014938        17.1515009047496     
         155   27.9000011086464        16.8189884335961     
         156   28.0800011157990        16.6941672881627     
         157   28.2600011229515        16.8939034242867     
         158   28.4400011301041        17.3851340702144     
         159   28.6200011372566        17.9962594863907     
         160   28.8000011444092        18.5234386572774     
         161   28.9800011515617        18.8410424907241     
         162   29.1600011587143        18.9521871587047     
         163   29.3400011658669        18.9733824787884     
         164   29.5200011730194        19.0535609846875     
         165   29.7000011801720        19.2596583135520     
         166   29.8800011873245        19.5301055646281     
         167   30.0600011944771        19.7364144672845     
         168   30.2400012016296        19.7722761628176     
         169   30.4200012087822        19.6073393338785     
         170   30.6000012159348        19.2900104624359     
         171   30.7800012230873        18.8828157337766     
         172   30.9600012302399        18.3647648193944     
         173   31.1400012373924        17.6175011576632     
         174   31.3200012445450        16.5279005580451     
         175   31.5000012516975        15.1104874560757     
         176   31.6800012588501        13.5904225441280     
         177   31.8600012660027        12.3642916186608     
         178   32.0400012731552        11.6437955691969     
         179   32.2200012803078        11.1130574150134     
         180   32.4000012874603        10.2756161488951     
         181   32.5800012946129        9.15566665618927     
         182   32.7600013017654        8.89666213882397     
         183   32.9400013089180        10.1981560953401     
         184   33.1200013160706        11.7530645605260     
         185   33.3000013232231        12.7554440402235     
         186   33.4800013303757        13.3372156575070     
         187   33.6600013375282        13.9491962672519     
         188   33.8400013446808        14.8921536205355     
         189   34.0200013518333        16.0665750997500     
         190   34.2000013589859        17.1460145208959     
         191   34.3800013661385        17.8469946456803     
         192   34.5600013732910        18.0484136730945     
         193   34.7400013804436        17.8195039014779     
         194   34.9200013875961        17.3793538200846     
         195   35.1000013947487        16.9235960385030     
         196   35.2800014019012        16.4463863569480     
         197   35.4600014090538        15.8380043631918     
         198   35.6400014162064        15.0894242558560     
         199   35.8200014233589        14.3190221072652     
         200   36.0000014305115        13.7263340146455     
         201   36.1800014376640        13.5176050388772     
         202   36.3600014448166        13.5962312188997     
         203   36.5400014519691        13.5110528639697     
         204   36.7200014591217        12.9440192063661     
         205   36.9000014662743        12.0476513635690     
         206   37.0800014734268        11.4613988403771     
         207   37.2600014805794        11.9610633255793     
         208   37.4400014877319        13.6421812618918     
         209   37.6200014948845        15.6179918394809     
         210   37.8000015020370        17.0413223333992     
         211   37.9800015091896        17.6361765133135     
         212   38.1600015163422        17.5814825332956     
         213   38.3400015234947        17.3802505821621     
         214   38.5200015306473        17.4748411830115     
         215   38.7000015377998        17.7850296985966     
         216   38.8800015449524        17.9714697554257     
         217   39.0600015521049        17.8176700098822     
         218   39.2400015592575        17.2687468829457     
         219   39.4200015664101        16.4888160693004     
         220   39.6000015735626        15.7676722337756     
         221   39.7800015807152        14.8970232974104     
         222   39.9600015878677        12.9819776849893     
         223   40.1400015950203        9.37366309836488     
         224   40.3200016021729        8.36153737712850     
         225   40.5000016093254        11.7975733123305     
         226   40.6800016164780        13.8223307230439     
         227   40.8600016236305        14.7280857208311     
         228   41.0400016307831        15.6711244257320     
         229   41.2200016379356        16.7958223856645     
         230   41.4000016450882        17.6504525135955     
         231   41.5800016522408        18.1015510605650     
         232   41.7600016593933        18.0731360373034     
         233   41.9400016665459        17.4255940534246     
         234   42.1200016736984        16.6008153027253     
         235   42.3000016808510        16.5685622037398     
         236   42.4800016880035        16.5293684243922     
         237   42.6600016951561        14.4326289549870     
         238   42.8400017023087        7.14203511412406     
         239   43.0200017094612        5.07337916263550     
         240   43.2000017166138        11.4370269561030     
         241   43.3800017237663        10.1968792498065     
         242   43.5600017309189        1.83772978174933     
         243   43.7400017380714        8.50454668477802     
         244   43.9200017452240        8.59128789401650     
         245   44.1000017523766        9.10564898860097     
         246   44.2800017595291        20.4648769626879     
         247   44.4600017666817        25.6316188918034     
         248   44.6400017738342        27.6798692534409     
         249   44.8200017809868        27.1906204249901     
         250   45.0000017881393        23.6012756602422     
         251   45.1800017952919        13.8301224459920     
         252   45.3600018024445        18.1634305532216     
         253   45.5400018095970        22.2173764533373     
         254   45.7200018167496        21.1433632599865     
         255   45.9000018239021        14.4423112368169     
         256   46.0800018310547        13.3381945801636     
         257   46.2600018382072        19.8502749468122     
         258   46.4400018453598        21.0766862937680     
         259   46.6200018525124        19.3729466876825     
         260   46.8000018596649        15.8416292215731     
         261   46.9800018668175        13.3083367560918     
         262   47.1600018739700        13.5051167196103     
         263   47.3400018811226        14.6127231614352     
         264   47.5200018882751        15.4973931155849     
         265   47.7000018954277        14.9411542130677     
         266   47.8800019025803        12.2380805527949     
         267   48.0600019097328        8.24572243607559     
         268   48.2400019168854        7.34374237398531     
         269   48.4200019240379        7.91276500080290     
         270   48.6000019311905        9.79264113876822     
         271   48.7800019383430        12.7192417192372     
         272   48.9600019454956        14.2967730405343     
         273   49.1400019526482        14.6349879344327     
         274   49.3200019598007        15.1726296096273     
         275   49.5000019669533        16.4435599544804     
         276   49.6800019741058        17.4146672140032     
         277   49.8600019812584        17.5860832729206     
         278   50.0400019884109        17.1419283139369     
         279   50.2200019955635        16.5543807091658     
         280   50.4000020027161        16.5013584255522     
         281   50.5800020098686        17.2358994602855     
         282   50.7600020170212        17.9907281191282     
         283   50.9400020241737        17.9816463974412     
         284   51.1200020313263        16.9858958987493     
         285   51.3000020384789        15.2981068126994     
         286   51.4800020456314        13.7808274771290     
         287   51.6600020527840        13.4092576279558     
         288   51.8400020599365        14.0674567425582     
         289   52.0200020670891        14.7302405407974     
         290   52.2000020742416        14.5776691410833     
         291   52.3800020813942        13.2739181132584     
         292   52.5600020885468        10.9186791366739     
         293   52.7400020956993        8.24628558672488     
         294   52.9200021028519        6.59567372725466     
         295   53.1000021100044        6.40206883723749     
         296   53.2800021171570        6.30708584469555     
         297   53.4600021243095        4.48563027964110     
         298   53.6400021314621       -1.49288069680847     
         299   53.8200021386147       -5.22997531371682     
         300   54.0000021457672        2.26915429453867     
         301   54.1800021529198        4.42374872935767     
         302   54.3600021600723        4.85070054389056     
         303   54.5400021672249        5.76050760386249     
         304   54.7200021743774        7.11349795931125     
         305   54.9000021815300        8.34605806887828     
         306   55.0800021886826        9.57587674135779     
         307   55.2600021958351        10.4585330987810     
         308   55.4400022029877        10.4118829508462     
         309   55.6200022101402        9.18035945225298     
         310   55.8000022172928        6.70333477619243     
         311   55.9800022244453        2.41088955931975     
         312   56.1600022315979       -8.43691006858636     
         313   56.3400022387505       -4.10901419084522     
         314   56.5200022459030        3.43694876109058     
         315   56.7000022530556        6.47881637163505     
         316   56.8800022602081        8.12703254885598     
         317   57.0600022673607        9.19346136493137     
         318   57.2400022745132        9.56732217679051     
         319   57.4200022816658        8.89202310735002     
         320   57.6000022888184        6.78897221078807     
         321   57.7800022959709        2.25513199148654     
         322   57.9600023031235       -2.75857883319192     
         323   58.1400023102760        5.66357530692017     
         324   58.3200023174286        10.8510768829532     
         325   58.5000023245811        13.8050839145978     
         326   58.6800023317337        15.6020657173503     
         327   58.8600023388863        16.8594643065360     
         328   59.0400023460388        17.9065001403312     
         329   59.2200023531914        18.7806051958866     
         330   59.4000023603439        19.3740812430745     
         331   59.5800023674965        19.5797905691791     
         332   59.7600023746490        19.3303701023863     
         333   59.9400023818016        18.6085587122813     
         334   60.1200023889542        17.4598526090772     
         335   60.3000023961067        15.9679811621059     
         336   60.4800024032593        14.2025557329082     
         337   60.6600024104118        12.2826376010280     
         338   60.8400024175644        10.5675552742925     
         339   61.0200024247169        9.39764726564337     
         340   61.2000024318695        8.47061197428688     
         341   61.3800024390221        7.36102107104983     
         342   61.5600024461746        6.36574483444895     
         343   61.7400024533272        6.30669772529119     
         344   61.9200024604797        7.22418177141628     
         345   62.1000024676323        8.24650993002754     
         346   62.2800024747849        8.66103665503950     
         347   62.4600024819374        8.22362104522922     
         348   62.6400024890900        7.30389920382355     
         349   62.8200024962425        7.26951470104556     
         350   63.0000025033951        9.17504772916580     
         351   63.1800025105476        12.0365826280651     
         352   63.3600025177002        14.8441342580223     
         353   63.5400025248528        17.2544143883909     
         354   63.7200025320053        19.2216919442270     
         355   63.9000025391579        20.8094508077290     
         356   64.0800025463104        22.1016367810176     
         357   64.2600025534630        23.1667982458956     
         358   64.4400025606155        24.0518427989793     
         359   64.6200025677681        24.7772468383485     
         360   64.8000025749207        25.3342421746748     
         361   64.9800025820732        25.6992688963257     
         362   65.1600025892258        25.8582770976293     
         363   65.3400025963783        25.8218715690436     
         364   65.5200026035309        25.6279760440060     
         365   65.7000026106834        25.3356740139279     
         366   65.8800026178360        25.0023320332716     
         367   66.0600026249886        24.6436198273765     
         368   66.2400026321411        24.2146563948270     
         369   66.4200026392937        23.6461250808332     
         370   66.6000026464462        22.9052021175967     
         371   66.7800026535988        22.0299760759519     
         372   66.9600026607513        21.1118438519917     
         373   67.1400026679039        20.2193495227303     
         374   67.3200026750565        19.3145421726585     
         375   67.5000026822090        18.2803824619249     
         376   67.6800026893616        17.1032956613339     
         377   67.8600026965141        16.1241575644315     
         378   68.0400027036667        15.9658305749568     
         379   68.2200027108192        16.6969900603943     
         380   68.4000027179718        17.6928499644747     
         381   68.5800027251244        18.4650453943686     
         382   68.7600027322769        18.8529659279928     
         383   68.9400027394295        18.8587680926114     
         384   69.1200027465820        18.5263335459929     
         385   69.3000027537346        17.8463830577551     
         386   69.4800027608871        16.6748106196866     
         387   69.6600027680397        14.6727687745099     
         388   69.8400027751923        11.1154582669718     
         389   70.0200027823448        3.60885281127149     
         390   70.2000027894974       0.616486583394147     
         391   70.3800027966499        10.0346120641312     
         392   70.5600028038025        14.3186963247517     
         393   70.7400028109550        16.9239227951343     
         394   70.9200028181076        18.7173008475141     
         395   71.1000028252602        20.0081601325039     
         396   71.2800028324127        20.9081570179771     
         397   71.4600028395653        21.4697945736609     
         398   71.6400028467178        21.7518584357299     
         399   71.8200028538704        21.8285580806080     
         400   72.0000028610229        21.7667305973220     
         401   72.1800028681755        21.6089353999233     
         402   72.3600028753281        21.3804155479409     
         403   72.5400028824806        21.1003214316236     
         404   72.7200028896332        20.7842912409122     
         405   72.9000028967857        20.4662720795882     
         406   73.0800029039383        20.2563872419188     
         407   73.2600029110909        20.3590191901399     
         408   73.4400029182434        20.9198267784385     
         409   73.6200029253960        21.8265773252518     
         410   73.8000029325485        22.7967110826230     
         411   73.9800029397011        23.6057811368736     
         412   74.1600029468536        24.1669822431086     
         413   74.3400029540062        24.5010142400375     
         414   74.5200029611588        24.6882703608537     
         415   74.7000029683113        24.8222549422859     
         416   74.8800029754639        24.9674107348037     
         417   75.0600029826164        25.1393818287089     
         418   75.2400029897690        25.3209584885297     
         419   75.4200029969215        25.4973123743754     
         420   75.6000030040741        25.6783343093865     
         421   75.7800030112267        25.8898408296390     
         422   75.9600030183792        26.1427137895066     
         423   76.1400030255318        26.4094084950311     
         424   76.3200030326843        26.6278147461648     
         425   76.5000030398369        26.7223088350212     
         426   76.6800030469894        26.6220700074367     
         427   76.8600030541420        26.2699350060007     
         428   77.0400030612946        25.6244071096461     
         429   77.2200030684471        24.6575877410048     
         430   77.4000030755997        23.3521804272292     
         431   77.5800030827522        21.7088092106861     
         432   77.7600030899048        19.8037140304445     
         433   77.9400030970573        17.9996854763319     
         434   78.1200031042099        17.2162948453966     
         435   78.3000031113625        18.0677981244245     
         436   78.4800031185150        19.7742584986619     
         437   78.6600031256676        21.4831666353120     
         438   78.8400031328201        22.9061955520197     
         439   79.0200031399727        24.0123085918622     
         440   79.2000031471252        24.8383752060524     
         441   79.3800031542778        25.4331401509958     
         442   79.5600031614304        25.8411358470011     
         443   79.7400031685829        26.0941442271163     
         444   79.9200031757355        26.2056725914711     
         445   80.1000031828880        26.1728267093770     
         446   80.2800031900406        25.9864889617912     
         447   80.4600031971931        25.6435510532944     
         448   80.6400032043457        25.1545431261491     
         449   80.8200032114983        24.5457908106131     
         450   81.0000032186508        23.8589222951306     
         451   81.1800032258034        23.1484565394127     
         452   81.3600032329559        22.4763154165813     
         453   81.5400032401085        21.9075196075477     
         454   81.7200032472610        21.5140875484129     
         455   81.9000032544136        21.3764196231180     
         456   82.0800032615662        21.5555430089573     
         457   82.2600032687187        22.0438830655299     
         458   82.4400032758713        22.7492928204229     
         459   82.6200032830238        23.5335934243266     
         460   82.8000032901764        24.2652441662503     
         461   82.9800032973289        24.8517075737716     
         462   83.1600033044815        25.2493332067395     
         463   83.3400033116341        25.4590761119532     
         464   83.5200033187866        25.5135951772024     
         465   83.7000033259392        25.4582743632876     
         466   83.8800033330917        25.3294737397628     
         467   84.0600033402443        25.1370016302565     
         468   84.2400033473969        24.8594042211511     
         469   84.4200033545494        24.4557142154566     
         470   84.6000033617020        23.8890041980398     
         471   84.7800033688545        23.1533182910472     
         472   84.9600033760071        22.2968176230298     
         473   85.1400033831596        21.4317187673324     
         474   85.3200033903122        20.7127922273077     
         475   85.5000033974648        20.2728300502576     
         476   85.6800034046173        20.1519957419874     
         477   85.8600034117699        20.2896864994302     
         478   86.0400034189224        20.5832272348815     
         479   86.2200034260750        20.9509389806199     
         480   86.4000034332275        21.3569712857195     
         481   86.5800034403801        21.7988341602891     
         482   86.7600034475327        22.2800801497627     
         483   86.9400034546852        22.7925043919100     
         484   87.1200034618378        23.3160007196354     
         485   87.3000034689903        23.8262089068307     
         486   87.4800034761429        24.3006199122509     
         487   87.6600034832954        24.7233008000449     
         488   87.8400034904480        25.0893091078781     
         489   88.0200034976006        25.4055561086812     
         490   88.2000035047531        25.6857215778869     
         491   88.3800035119057        25.9423267419144     
         492   88.5600035190582        26.1816586466267     
         493   88.7400035262108        26.4037005988831     
         494   88.9200035333633        26.6045951675422     
         495   89.1000035405159        26.7787572116818     
         496   89.2800035476685        26.9198945797070     
         497   89.4600035548210        27.0212452206303     
         498   89.6400035619736        27.0755976531796     
         499   89.8200035691261        27.0761787503435     
         500   90.0000035762787        27.0188775555678     
         501   90.1800035834312        26.9041450887673     
         502   90.3600035905838        26.7362640841524     
         503   90.5400035977364        26.5205271472352     
         504   90.7200036048889        26.2619598631284     
         505   90.9000036120415        25.9676610196546     
         506   91.0800036191940        25.6497951631039     
         507   91.2600036263466        25.3247810998310     
         508   91.4400036334991        25.0088491166511     
         509   91.6200036406517        24.7141725965416     
         510   91.8000036478043        24.4471063221901     
         511   91.9800036549568        24.2061682955457     
         512   92.1600036621094        23.9804312700184     
         513   92.3400036692619        23.7531540892910     
         514   92.5200036764145        23.5107658705223     
         515   92.7000036835670        23.2499824040812     
         516   92.8800036907196        22.9778259056052     
         517   93.0600036978722        22.7068865069294     
         518   93.2400037050247        22.4494369997743     
         519   93.4200037121773        22.2097187059885     
         520   93.6000037193298        21.9761892272667     
         521   93.7800037264824        21.7239071220292     
         522   93.9600037336349        21.4334715802925     
         523   94.1400037407875        21.1161260884450     
         524   94.3200037479401        20.8254735323966     
         525   94.5000037550926        20.6418493150598     
         526   94.6800037622452        20.6307103051672     
         527   94.8600037693977        20.7990615709639     
         528   95.0400037765503        21.0850956090495     
         529   95.2200037837029        21.3911359459590     
         530   95.4000037908554        21.6328231369452     
         531   95.5800037980080        21.7736586624047     
         532   95.7600038051605        21.8347507161711     
         533   95.9400038123131        21.8811238601284     
         534   96.1200038194656        21.9861092860809     
         535   96.3000038266182        22.1838732287402     
         536   96.4800038337708        22.4396241721085     
         537   96.6600038409233        22.6636374258305     
         538   96.8400038480759        22.7567329192814     
         539   97.0200038552284        22.6529378720019     
         540   97.2000038623810        22.3423901603130     
         541   97.3800038695335        21.8759608655110     
         542   97.5600038766861        21.3521592713432     
         543   97.7400038838387        20.8819588533896     
         544   97.9200038909912        20.5394478226666     
         545   98.1000038981438        20.3308023925913     
         546   98.2800039052963        20.2098864357238     
         547   98.4600039124489        20.1262117151961     
         548   98.6400039196014        20.0635987140554     
         549   98.8200039267540        20.0412393788468     
         550   99.0000039339066        20.0811987685831     
         551   99.1800039410591        20.1759783567996     
         552   99.3600039482117        20.2867759028303     
         553   99.5400039553642        20.3661255515294     
         554   99.7200039625168        20.3822517773985     
         555   99.9000039696693        20.3373394452619     
         556   100.080003976822        20.2757092688404     
         557   100.260003983974        20.2669108695536     
         558   100.440003991127        20.3586843666151     
         559   100.620003998280        20.5358031400716     
         560   100.800004005432        20.7298769026779     
         561   100.980004012585        20.8684068533578     
         562   101.160004019737        20.9190027204262     
         563   101.340004026890        20.9088031727276     
         564   101.520004034042        20.9134712535149     
         565   101.700004041195        21.0091641847249     
         566   101.880004048347        21.2117660741643     
         567   102.060004055500        21.4639946019662     
         568   102.240004062653        21.6842347014403     
         569   102.420004069805        21.8208794959041     
         570   102.600004076958        21.8699766602819     
         571   102.780004084110        21.8566065597455     
         572   102.960004091263        21.7994186530367     
         573   103.140004098415        21.6889928361309     
         574   103.320004105568        21.5019582732794     
         575   103.500004112720        21.2371573402082     
         576   103.680004119873        20.9423045309754     
         577   103.860004127026        20.7117917261813     
         578   104.040004134178        20.6437946384514     
         579   104.220004141331        20.7623400379527     
         580   104.400004148483        20.9731886373503     
         581   104.580004155636        21.1195753278044     
         582   104.760004162788        21.0808893705142     
         583   104.940004169941        20.8283718263737     
         584   105.120004177094        20.4283173378613     
         585   105.300004184246        20.0085424562663     
         586   105.480004191399        19.6899292825851     
         587   105.660004198551        19.5079433416097     
         588   105.840004205704        19.3920010056659     
         589   106.020004212856        19.2278758903817     
         590   106.200004220009        18.9388304844080     
         591   106.380004227161        18.5240242502326     
         592   106.560004234314        18.0410230893624     
         593   106.740004241467        17.5374205415525     
         594   106.920004248619        16.9681544514680     
         595   107.100004255772        16.1730582250152     
         596   107.280004262924        14.9311972253544     
         597   107.460004270077        13.0224770598034     
         598   107.640004277229        10.2571170336447     
         599   107.820004284382        6.56962443016397     
         600   108.000004291534        2.87604196371954     
         601   108.180004298687        2.64381636529504     
         602   108.360004305840        5.25490508738485     
         603   108.540004312992        8.00717762484627     
         604   108.720004320145        10.5181914748697     
         605   108.900004327297        12.7638121762947     
         606   109.080004334450        14.6730954020736     
         607   109.260004341602        16.2145441931402     
         608   109.440004348755        17.4188180632570     
         609   109.620004355907        18.3317543902952     
         610   109.800004363060        18.9773379094044     
         611   109.980004370213        19.3680861816791     
         612   110.160004377365        19.5363765466081     
         613   110.340004384518        19.5459702929878     
         614   110.520004391670        19.4793104444771     
         615   110.700004398823        19.4178142235846     
         616   110.880004405975        19.4149359194284     
         617   111.060004413128        19.4670136337160     
         618   111.240004420280        19.5286030503057     
         619   111.420004427433        19.5791391472167     
         620   111.600004434586        19.6605339040829     
         621   111.780004441738        19.8291463140705     
         622   111.960004448891        20.0732872726780     
         623   112.140004456043        20.2934628254593     
         624   112.320004463196        20.3555009544530     
         625   112.500004470348        20.1543197862754     
         626   112.680004477501        19.6549063069116     
         627   112.860004484653        18.9030290935976     
         628   113.040004491806        17.9876597929009     
         629   113.220004498959        16.9510892914908     
         630   113.400004506111        15.7078878748861     
         631   113.580004513264        14.0303523393383     
         632   113.760004520416        11.5516814168115     
         633   113.940004527569        7.80235510185492     
         634   114.120004534721        3.92347924935928     
         635   114.300004541874        6.06657392358651     
         636   114.480004549026        9.61498576446992     
         637   114.660004556179        11.9426183774286     
         638   114.840004563332        13.5360687341963     
         639   115.020004570484        14.8349490436499     
         640   115.200004577637        16.0070628359778     
         641   115.380004584789        16.9803522487337     
         642   115.560004591942        17.5721277345614     
         643   115.740004599094        17.6241355099834     
         644   115.920004606247        17.0784177505029     
         645   116.100004613400        16.0213680370288     
         646   116.280004620552        14.7224819732723     
         647   116.460004627705        13.5610279312888     
         648   116.640004634857        12.6704538383254     
         649   116.820004642010        11.6671048747535     
         650   117.000004649162        9.90145967907038     
         651   117.180004656315        6.77939697365017     
         652   117.360004663467        2.70189475096813     
         653   117.540004670620        2.08893987588792     
         654   117.720004677773        3.63715229843279     
         655   117.900004684925        4.06654097116742     
         656   118.080004692078        4.60483640289296     
         657   118.260004699230        6.29948937311632     
         658   118.440004706383        7.99646051580765     
         659   118.620004713535        8.94230361582074     
         660   118.800004720688        9.28213976389182     
         661   118.980004727840        9.72766431716359     
         662   119.160004734993        10.9669225746944     
         663   119.340004742146        12.5659540758821     
         664   119.520004749298        13.6985328838093     
         665   119.700004756451        14.0837423890757     
         666   119.880004763603        13.9518216280231     
         667   120.060004770756        13.8636751006706     
         668   120.240004777908        14.2196172252495     
         669   120.420004785061        14.7939349734351     
         670   120.600004792213        15.1185263381581     
         671   120.780004799366        14.9309705398691     
         672   120.960004806519        14.2998093257521     
         673   121.140004813671        13.7107707340340     
         674   121.320004820824        13.6995409278809     
         675   121.500004827976        14.0619623578695     
         676   121.680004835129        14.2586745983816     
         677   121.860004842281        14.1401585505060     
         678   122.040004849434        13.9298796138404     
         679   122.220004856586        13.9743087524036     
         680   122.400004863739        14.3900114295272     
         681   122.580004870892        14.8511572059022     
         682   122.760004878044        14.9041756955481     
         683   122.940004885197        14.3400719146584     
         684   123.120004892349        13.3027604668772     
         685   123.300004899502        12.2799830533211     
         686   123.480004906654        11.8889393817278     
         687   123.660004913807        12.2902083743190     
         688   123.840004920959        12.8851978589980     
         689   124.020004928112        12.9272711469635     
         690   124.200004935265        12.0322349379512     
         691   124.380004942417        10.2564858783305     
         692   124.560004949570        8.22874116465686     
         693   124.740004956722        7.16987867353809     
         694   124.920004963875        7.77232457897570     
         695   125.100004971027        9.00514743790828     
         696   125.280004978180        9.53134272172602     
         697   125.460004985332        8.80138331980917     
         698   125.640004992485        6.99039154596366     
         699   125.820004999638        5.34297760592892     
         700   126.000005006790        5.94364249569025     
         701   126.180005013943        8.55311777002485     
         702   126.360005021095        11.1336297201442     
         703   126.540005028248        12.6947034530865     
         704   126.720005035400        13.1727882285180     
         705   126.900005042553        13.0185662874933     
         706   127.080005049706        13.0883912805615     
         707   127.260005056858        14.1066942164180     
         708   127.440005064011        15.8477320233095     
         709   127.620005071163        17.5005117051698     
         710   127.800005078316        18.4976929945763     
         711   127.980005085468        18.6907433716311     
         712   128.160005092621        18.2830308540089     
         713   128.340005099773        17.7969595196790     
         714   128.520005106926        17.8372568713381     
         715   128.700005114079        18.5222772874789     
         716   128.880005121231        19.3476331993122     
         717   129.060005128384        19.7157658505599     
         718   129.240005135536        19.3084529279138     
         719   129.420005142689        18.1829084465189     
         720   129.600005149841        16.8687616069432     
         721   129.780005156994        16.2101248277062     
         722   129.960005164146        16.5218473100531     
         723   130.140005171299        17.2126501375842     
         724   130.320005178452        17.4277861762266     
         725   130.500005185604        16.6117363784653     
         726   130.680005192757        14.8749652895369     
         727   130.860005199909        13.5918059921790     
         728   131.040005207062        13.7342080732104     
         729   131.220005214214        14.0370387173137     
         730   131.400005221367        14.1004321198765     
         731   131.580005228519        14.1392840907723     
         732   131.760005235672        14.0673417378354     
         733   131.940005242825        14.7973607137039     
         734   132.120005249977        16.6905917817114     
         735   132.300005257130        17.9801272444961     
         736   132.480005264282        17.7259023531460     
         737   132.660005271435        16.1998992032842     
         738   132.840005278587        14.8022140652805     
         739   133.020005285740        14.3354716768754     
         740   133.200005292892        14.8734283906891     
         741   133.380005300045        17.0800439466496     
         742   133.560005307198        18.5716063278323     
         743   133.740005314350        17.2696868365883     
         744   133.920005321503        13.1096468619119     
         745   134.100005328655        17.7054474323152     
         746   134.280005335808        21.7702551010774     
         747   134.460005342960        21.7047969384870     
         748   134.640005350113        15.5266085908977     
         749   134.820005357265        16.8633416929002     
         750   135.000005364418        25.4281660787468     
         751   135.180005371571        28.5231956202022     
         752   135.360005378723        28.8463964823122     
         753   135.540005385876        26.7910584714370     
         754   135.720005393028        21.7705073704619     
         755   135.900005400181        11.1210689612155     
         756   136.080005407333        11.2527008446872     
         757   136.260005414486        13.1144473683910     
         758   136.440005421638        10.3861981473861     
         759   136.620005428791        10.8732665406241     
         760   136.800005435944        12.4231675173886     
         761   136.980005443096        12.2020543753615     
         762   137.160005450249        13.8643340656929     
         763   137.340005457401        16.2971107360845     
         764   137.520005464554        17.1007407441075     
         765   137.700005471706        16.6625545541168     
         766   137.880005478859        16.4783454914565     
         767   138.060005486012        17.0150388543559     
         768   138.240005493164        17.2925061216292     
         769   138.420005500317        17.0927294898380     
         770   138.600005507469        16.8156210331612     
         771   138.780005514622        16.6051279797879     
         772   138.960005521774        16.6185226763150     
         773   139.140005528927        17.2046032785627     
         774   139.320005536079        17.9140354663345     
         775   139.500005543232        17.9146567142997     
         776   139.680005550385        16.8609143253450     
         777   139.860005557537        14.9324395653192     
         778   140.040005564690        12.8819577914471     
         779   140.220005571842        11.9090466183868     
         780   140.400005578995        12.3827732964460     
         781   140.580005586147        13.1162250371176     
         782   140.760005593300        12.8763709123247     
         783   140.940005600452        11.0583643198837     
         784   141.120005607605        7.94652985485186     
         785   141.300005614758        6.70814094689890     
         786   141.480005621910        7.99149183130014     
         787   141.660005629063        8.49384081279749     
         788   141.840005636215        8.08056464582229     
         789   142.020005643368        7.90544075030049     
         790   142.200005650520        9.09690222006356     
         791   142.380005657673        11.3399625185847     
         792   142.560005664825        13.3401209171563     
         793   142.740005671978        14.3675771288850     
         794   142.920005679131        14.2842985226099     
         795   143.100005686283        13.2785616901729     
         796   143.280005693436        11.8804601724916     
         797   143.460005700588        10.9763944509448     
         798   143.640005707741        11.2266565758639     
         799   143.820005714893        12.2693391762352     
         800   144.000005722046        13.2114756793730     
         801   144.180005729198        13.4925017355210     
         802   144.360005736351        13.0128287313879     
         803   144.540005743504        12.0498587045476     
         804   144.720005750656        11.2009444030546     
         805   144.900005757809        11.0414728424654     
         806   145.080005764961        11.5183018903078     
         807   145.260005772114        11.9845709676338     
         808   145.440005779266        11.7997880210510     
         809   145.620005786419        10.6645687436690     
         810   145.800005793571        8.95924274631237     
         811   145.980005800724        8.28495030737685     
         812   146.160005807877        9.24877460658794     
         813   146.340005815029        10.3738476377358     
         814   146.520005822182        11.1750159610737     
         815   146.700005829334        12.0626498020710     
         816   146.880005836487        13.4267594358204     
         817   147.060005843639        15.1600097099868     
         818   147.240005850792        16.8483686988395     
         819   147.420005857944        18.1640703725344     
         820   147.600005865097        18.9899794402783     
         821   147.780005872250        19.3817272500682     
         822   147.960005879402        19.4979871858682     
         823   148.140005886555        19.5084164688260     
         824   148.320005893707        19.5038219709617     
         825   148.500005900860        19.4788391727220     
         826   148.680005908012        19.3838242834407     
         827   148.860005915165        19.1800654018531     
         828   149.040005922318        18.8789569423797     
         829   149.220005929470        18.5500803145175     
         830   149.400005936623        18.2534503776649     
         831   149.580005943775        17.9418055149877     
         832   149.760005950928        17.4800024368838     
         833   149.940005958080        16.7763699898611     
         834   150.120005965233        15.8853131565833     
         835   150.300005972385        15.0180775136940     
         836   150.480005979538        14.4294952607451     
         837   150.660005986691        14.1952703632318     
         838   150.840005993843        14.1115699792947     
         839   151.020006000996        13.8623369287982     
         840   151.200006008148        13.2232379374124     
         841   151.380006015301        12.1430359390728     
         842   151.560006022453        10.7389788251729     
         843   151.740006029606        9.21473703055481     
         844   151.920006036758        7.76400596512580     
         845   152.100006043911        6.69162570145214     
         846   152.280006051064        6.44848385961334     
         847   152.460006058216        6.96035079691037     
         848   152.640006065369        7.64136746923314     
         849   152.820006072521        8.22261072527687     
         850   153.000006079674        8.86734826043832     
         851   153.180006086826        9.84154779769309     
         852   153.360006093979        11.1928812492135     
         853   153.540006101131        12.6979486357250     
         854   153.720006108284        14.0668702020224     
         855   153.900006115437        15.1220034126461     
         856   154.080006122589        15.8415221058592     
         857   154.260006129742        16.3295078474528     
         858   154.440006136894        16.7467670130966     
         859   154.620006144047        17.2149086963361     
         860   154.800006151199        17.7589429391593     
         861   154.980006158352        18.3383791620051     
         862   155.160006165504        18.9102579088731     
         863   155.340006172657        19.4598369326712     
         864   155.520006179810        19.9978115416981     
         865   155.700006186962        20.5380818334529     
         866   155.880006194115        21.0704347739734     
         867   156.060006201267        21.5545005543208     
         868   156.240006208420        21.9456418474170     
         869   156.420006215572        22.2287874481640     
         870   156.600006222725        22.4325650067483     
         871   156.780006229877        22.6163228416459     
         872   156.960006237030        22.8377969992866     
         873   157.140006244183        23.1194122598346     
         874   157.320006251335        23.4358071332256     
         875   157.500006258488        23.7314110511465     
         876   157.680006265640        23.9533675363388     
         877   157.860006272793        24.0778449944530     
         878   158.040006279945        24.1181068111962     
         879   158.220006287098        24.1135562192390     
         880   158.400006294250        24.1063440011196     
         881   158.580006301403        24.1195777252681     
         882   158.760006308556        24.1513786004896     
         883   158.940006315708        24.1857141947426     
         884   159.120006322861        24.2079971622422     
         885   159.300006330013        24.2139360535131     
         886   159.480006337166        24.2073539620664     
         887   159.660006344318        24.1894012330524     
         888   159.840006351471        24.1481533599668     
         889   160.020006358624        24.0591461202605     
         890   160.200006365776        23.8981829704906     
         891   160.380006372929        23.6564666271790     
         892   160.560006380081        23.3469186190467     
         893   160.740006387234        22.9972968531390     
         894   160.920006394386        22.6329537051873     
         895   161.100006401539        22.2577759889304     
         896   161.280006408691        21.8441880232344     
         897   161.460006415844        21.3382788875624     
         898   161.640006422997        20.6764794889957     
         899   161.820006430149        19.8047315537744     
         900   162.000006437302        18.6934178606610     
         901   162.180006444454        17.3463756127782     
         902   162.360006451607        15.8057180569063     
         903   162.540006458759        14.1575364771470     
         904   162.720006465912        12.5460709772809     
         905   162.900006473064        11.1834207872520     
         906   163.080006480217        10.2825941585653     
         907   163.260006487370        9.89212596260090     
         908   163.440006494522        9.85479087945906     
         909   163.620006501675        9.98630140278796     
         910   163.800006508827        10.2134229746182     
         911   163.980006515980        10.5578811179549     
         912   164.160006523132        11.0546384631251     
         913   164.340006530285        11.6889392778333     
         914   164.520006537437        12.3891762111160     
         915   164.700006544590        13.0633234220513     
         916   164.880006551743        13.6412814327293     
         917   165.060006558895        14.0993508537356     
         918   165.240006566048        14.4645135038571     
         919   165.420006573200        14.8026921138737     
         920   165.600006580353        15.1936809189422     
         921   165.780006587505        15.6987798747938     
         922   165.960006594658        16.3357228409092     
         923   166.140006601810        17.0758472930213     
         924   166.320006608963        17.8635554762514     
         925   166.500006616116        18.6429099131866     
         926   166.680006623268        19.3761760085666     
         927   166.860006630421        20.0491505748871     
         928   167.040006637573        20.6660049014307     
         929   167.220006644726        21.2388613242121     
         930   167.400006651878        21.7771729486798     
         931   167.580006659031        22.2809037066993     
         932   167.760006666183        22.7394140231564     
         933   167.940006673336        23.1352702081050     
         934   168.120006680489        23.4503245244213     
         935   168.300006687641        23.6712057516011     
         936   168.480006694794        23.7923875468789     
         937   168.660006701946        23.8164156338191     
         938   168.840006709099        23.7521967826896     
         939   169.020006716251        23.6132019761500     
         940   169.200006723404        23.4174695068467     
         941   169.380006730556        23.1898461778409     
         942   169.560006737709        22.9642876159526     
         943   169.740006744862        22.7819544070307     
         944   169.920006752014        22.6819432753399     
         945   170.100006759167        22.6872626404058     
         946   170.280006766319        22.7950735101146     
         947   170.460006773472        22.9787267602226     
         948   170.640006780624        23.1994647963227     
         949   170.820006787777        23.4193550446958     
         950   171.000006794930        23.6097650146952     
         951   171.180006802082        23.7549519456289     
         952   171.360006809235        23.8523801734881     
         953   171.540006816387        23.9108317852226     
         954   171.720006823540        23.9466159973271     
         955   171.900006830692        23.9782240697583     
         956   172.080006837845        24.0204488837838     
         957   172.260006844997        24.0796246416947     
         958   172.440006852150        24.1515689855105     
         959   172.620006859303        24.2228623181092     
         960   172.800006866455        24.2748083632615     
         961   172.980006873608        24.2885521013840     
         962   173.160006880760        24.2497519582202     
         963   173.340006887913        24.1517068469407     
         964   173.520006895065        23.9964713734414     
         965   173.700006902218        23.7939565593978     
         966   173.880006909370        23.5593108326306     
         967   174.060006916523        23.3091640007101     
         968   174.240006923676        23.0576668365516     
         969   174.420006930828        22.8135246695397     
         970   174.600006937981        22.5791325088651     
         971   174.780006945133        22.3523291630667     
         972   174.960006952286        22.1303619942366     
         973   175.140006959438        21.9147436025180     
         974   175.320006966591        21.7150422658388     
         975   175.500006973743        21.5494182683088     
         976   175.680006980896        21.4403218444524     
         977   175.860006988049        21.4059656711383     
         978   176.040006995201        21.4516018184312     
         979   176.220007002354        21.5661787530558     
         980   176.400007009506        21.7266831663472     
         981   176.580007016659        21.9069493821261     
         982   176.760007023811        22.0856182032148     
         983   176.940007030964        22.2502418426379     
         984   177.120007038116        22.3976283536578     
         985   177.300007045269        22.5318643317291     
         986   177.480007052422        22.6612866388577     
         987   177.660007059574        22.7951116992490     
         988   177.840007066727        22.9401709355418     
         989   178.020007073879        23.0983456778064     
         990   178.200007081032        23.2654859597335     
         991   178.380007088184        23.4323449681520     
         992   178.560007095337        23.5872811147125     
         993   178.740007102489        23.7196815184498     
         994   178.920007109642        23.8228198257748     
         995   179.100007116795        23.8952471623831     
         996   179.280007123947        23.9404793577129     
         997   179.460007131100        23.9653552164945     
         998   179.640007138252        23.9778393252036     
         999   179.820007145405        23.9851214430066     
        1000   180.000007152557        23.9925579623683     
