           0  0.000000000000000E+000   24.5734580542113     
           1  0.180000007152557        24.5755877105395     
           2  0.360000014305115        24.5743809106218     
           3  0.540000021457672        24.5696671239088     
           4  0.720000028610229        24.5617463927242     
           5  0.900000035762787        24.5513761181683     
           6   1.08000004291534        24.5398925681609     
           7   1.26000005006790        24.5292764699674     
           8   1.44000005722046        24.5218423435473     
           9   1.62000006437302        24.5194231070366     
          10   1.80000007152557        24.5223345983126     
          11   1.98000007867813        24.5287097438674     
          12   2.16000008583069        24.5346979658937     
          13   2.34000009298325        24.5355616314463     
          14   2.52000010013580        24.5272173213653     
          15   2.70000010728836        24.5076052868391     
          16   2.88000011444092        24.4774584286665     
          17   3.06000012159348        24.4403507415114     
          18   3.24000012874603        24.4020967632685     
          19   3.42000013589859        24.3695910895813     
          20   3.60000014305115        24.3491534392884     
          21   3.78000015020370        24.3445718101328     
          22   3.96000015735626        24.3553551228121     
          23   4.14000016450882        24.3759732556731     
          24   4.32000017166138        24.3967105659119     
          25   4.50000017881393        24.4061176739294     
          26   4.68000018596649        24.3943143315659     
          27   4.86000019311905        24.3560607535458     
          28   5.04000020027161        24.2926782976944     
          29   5.22000020742416        24.2123044601004     
          30   5.40000021457672        24.1283592166282     
          31   5.58000022172928        24.0564355515505     
          32   5.76000022888184        24.0101846193017     
          33   5.94000023603439        23.9971726561766     
          34   6.12000024318695        24.0160019461167     
          35   6.30000025033951        24.0558993281616     
          36   6.48000025749207        24.0992367986157     
          37   6.66000026464462        24.1262902632619     
          38   6.84000027179718        24.1206701988058     
          39   7.02000027894974        24.0737840885462     
          40   7.20000028610229        23.9872352143355     
          41   7.38000029325485        23.8726977082213     
          42   7.56000030040741        23.7492682171878     
          43   7.74000030755997        23.6387026866233     
          44   7.92000031471252        23.5595028779448     
          45   8.10000032186508        23.5214684072103     
          46   8.28000032901764        23.5226548092511     
          47   8.46000033617020        23.5501125056110     
          48   8.64000034332275        23.5842450900795     
          49   8.82000035047531        23.6049797918168     
          50   9.00000035762787        23.5973531675457     
          51   9.18000036478043        23.5548362338869     
          52   9.36000037193298        23.4799670284562     
          53   9.54000037908554        23.3827521057013     
          54   9.72000038623810        23.2775597917186     
          55   9.90000039339066        23.1791421029708     
          56   10.0800004005432        23.0985189231440     
          57   10.2600004076958        23.0399387103280     
          58   10.4400004148483        23.0003324575826     
          59   10.6200004220009        22.9716796967030     
          60   10.8000004291534        22.9448992060982     
          61   10.9800004363060        22.9130123671450     
          62   11.1600004434586        22.8723564004166     
          63   11.3400004506111        22.8224279907714     
          64   11.5200004577637        22.7656317954842     
          65   11.7000004649162        22.7072156299309     
          66   11.8800004720688        22.6543554096735     
          67   12.0600004792213        22.6135416389714     
          68   12.2400004863739        22.5871972788485     
          69   12.4200004935265        22.5717391082116     
          70   12.6000005006790        22.5583196546898     
          71   12.7800005078316        22.5354081702010     
          72   12.9600005149841        22.4917729506026     
          73   13.1400005221367        22.4195513308775     
          74   13.3200005292892        22.3177364149358     
          75   13.5000005364418        22.1953293599736     
          76   13.6800005435944        22.0718653346827     
          77   13.8600005507469        21.9730832896180     
          78   14.0400005578995        21.9219316867171     
          79   14.2200005650520        21.9284826852160     
          80   14.4000005722046        21.9838683143486     
          81   14.5800005793571        22.0615737459318     
          82   14.7600005865097        22.1258377855969     
          83   14.9400005936623        22.1439460742677     
          84   15.1200006008148        22.0980110721512     
          85   15.3000006079674        21.9922788473376     
          86   15.4800006151199        21.8531532528991     
          87   15.6600006222725        21.7205319816775     
          88   15.8400006294250        21.6318067598586     
          89   16.0200006365776        21.6046023743499     
          90   16.2000006437302        21.6276308055680     
          91   16.3800006508827        21.6657124766371     
          92   16.5600006580353        21.6762425993009     
          93   16.7400006651878        21.6282024829459     
          94   16.9200006723404        21.5155044015128     
          95   17.1000006794930        21.3603489206259     
          96   17.2800006866455        21.2053128649612     
          97   17.4600006937981        21.0958407626432     
          98   17.6400007009506        21.0596060453843     
          99   17.8200007081032        21.0931858330928     
         100   18.0000007152557        21.1640394260671     
         101   18.1800007224083        21.2266424457009     
         102   18.3600007295609        21.2431347515576     
         103   18.5400007367134        21.1975935409923     
         104   18.7200007438660        21.0982149241409     
         105   18.9000007510185        20.9686549977295     
         106   19.0800007581711        20.8352618159544     
         107   19.2600007653236        20.7176713844941     
         108   19.4400007724762        20.6250856141375     
         109   19.6200007796288        20.5561447159616     
         110   19.8000007867813        20.5020525978788     
         111   19.9800007939339        20.4533130283735     
         112   20.1600008010864        20.4048713197762     
         113   20.3400008082390        20.3531060883958     
         114   20.5200008153915        20.2885089483168     
         115   20.7000008225441        20.1966832371347     
         116   20.8800008296967        20.0717254571561     
         117   21.0600008368492        19.9299368883716     
         118   21.2400008440018        19.8092714117756     
         119   21.4200008511543        19.7519245155544     
         120   21.6000008583069        19.7798949637815     
         121   21.7800008654594        19.8772247762430     
         122   21.9600008726120        19.9900778341016     
         123   22.1400008797646        20.0484293936425     
         124   22.3200008869171        19.9997432274094     
         125   22.5000008940697        19.8370081674435     
         126   22.6800009012222        19.6078966468184     
         127   22.8600009083748        19.3981031620860     
         128   23.0400009155273        19.2887949277267     
         129   23.2200009226799        19.3067959130849     
         130   23.4000009298325        19.4042939476994     
         131   23.5800009369850        19.4871486929775     
         132   23.7600009441376        19.4688756781909     
         133   23.9400009512901        19.3144778367822     
         134   24.1200009584427        19.0562338470093     
         135   24.3000009655952        18.7771574046488     
         136   24.4800009727478        18.5664550087003     
         137   24.6600009799004        18.4712341377674     
         138   24.8400009870529        18.4774865710379     
         139   25.0200009942055        18.5278054870083     
         140   25.2000010013580        18.5594265057011     
         141   25.3800010085106        18.5412880903651     
         142   25.5600010156631        18.4852195017674     
         143   25.7400010228157        18.4183241805651     
         144   25.9200010299683        18.3439074268780     
         145   26.1000010371208        18.2402060332887     
         146   26.2800010442734        18.0978244232777     
         147   26.4600010514259        17.9458043349889     
         148   26.6400010585785        17.8393822646245     
         149   26.8200010657310        17.8266223469915     
         150   27.0000010728836        17.9132599860920     
         151   27.1800010800362        18.0374957985911     
         152   27.3600010871887        18.0848949137539     
         153   27.5400010943413        17.9519938866043     
         154   27.7200011014938        17.6146040701056     
         155   27.9000011086464        17.1603854765868     
         156   28.0800011157990        16.7661804244422     
         157   28.2600011229515        16.6028305871349     
         158   28.4400011301041        16.7054865135112     
         159   28.6200011372566        16.9356801943492     
         160   28.8000011444092        17.0861894196207     
         161   28.9800011515617        17.0169581291686     
         162   29.1600011587143        16.7273693308634     
         163   29.3400011658669        16.3526101241250     
         164   29.5200011730194        16.0764029274565     
         165   29.7000011801720        15.9999415085557     
         166   29.8800011873245        16.0945242823245     
         167   30.0600011944771        16.2591180604149     
         168   30.2400012016296        16.3918559038487     
         169   30.4200012087822        16.4514053274768     
         170   30.6000012159348        16.4782961385794     
         171   30.7800012230873        16.5197832662401     
         172   30.9600012302399        16.5298291343292     
         173   31.1400012373924        16.4018838379134     
         174   31.3200012445450        16.0955409713624     
         175   31.5000012516975        15.6945688580421     
         176   31.6800012588501        15.3574966236542     
         177   31.8600012660027        15.2220290239569     
         178   32.0400012731552        15.3034648712640     
         179   32.2200012803078        15.4250299229593     
         180   32.4000012874603        15.2965322286987     
         181   32.5800012946129        14.6984790972456     
         182   32.7600013017654        13.6195171512731     
         183   32.9400013089180        12.3462760724719     
         184   33.1200013160706        11.4428527712613     
         185   33.3000013232231        11.3322416056554     
         186   33.4800013303757        11.8018848793934     
         187   33.6600013375282        12.2880298815711     
         188   33.8400013446808        12.4413965021107     
         189   34.0200013518333        12.3663354580507     
         190   34.2000013589859        12.5040804130812     
         191   34.3800013661385        13.0197335386623     
         192   34.5600013732910        13.5620922141497     
         193   34.7400013804436        13.8648335789622     
         194   34.9200013875961        14.0092504703454     
         195   35.1000013947487        14.2273298213426     
         196   35.2800014019012        14.6996598261408     
         197   35.4600014090538        15.4443782596902     
         198   35.6400014162064        16.2215017123128     
         199   35.8200014233589        16.6609613740181     
         200   36.0000014305115        16.5284649872553     
         201   36.1800014376640        15.8540099792650     
         202   36.3600014448166        14.9588959765184     
         203   36.5400014519691        14.3628693392171     
         204   36.7200014591217        14.4135085814223     
         205   36.9000014662743        14.8948750904448     
         206   37.0800014734268        15.1908955141981     
         207   37.2600014805794        14.7376617390326     
         208   37.4400014877319        13.2016906965802     
         209   37.6200014948845        10.5162804421768     
         210   37.8000015020370        7.15994989540934     
         211   37.9800015091896        4.66866895039761     
         212   38.1600015163422        4.45977349289608     
         213   38.3400015234947        5.21151057026854     
         214   38.5200015306473        4.39965847280844     
         215   38.7000015377998       -1.25321106656706     
         216   38.8800015449524       -6.75303073779051     
         217   39.0600015521049        5.02820756449484     
         218   39.2400015592575        8.26482660925922     
         219   39.4200015664101        8.63117392576925     
         220   39.6000015735626        8.03922547641942     
         221   39.7800015807152        8.34102505347419     
         222   39.9600015878677        9.51150171834924     
         223   40.1400015950203        11.1906224901715     
         224   40.3200016021729        13.1124744036866     
         225   40.5000016093254        14.3875589647618     
         226   40.6800016164780        14.6707670045382     
         227   40.8600016236305        14.5719859277911     
         228   41.0400016307831        14.9546642581097     
         229   41.2200016379356        15.4690039153450     
         230   41.4000016450882        15.4948012183165     
         231   41.5800016522408        15.3580727798646     
         232   41.7600016593933        15.4803106056135     
         233   41.9400016665459        15.5081292177488     
         234   42.1200016736984        15.6061812992671     
         235   42.3000016808510        16.4689458854727     
         236   42.4800016880035        17.1964144121165     
         237   42.6600016951561        16.4877374325893     
         238   42.8400017023087        14.2323886957319     
         239   43.0200017094612        12.8702821849866     
         240   43.2000017166138        13.1800694745420     
         241   43.3800017237663        12.0448314570578     
         242   43.5600017309189        12.0352740190542     
         243   43.7400017380714        14.3703660833178     
         244   43.9200017452240        12.8523356734635     
         245   44.1000017523766        10.4609303212268     
         246   44.2800017595291        21.2764255421888     
         247   44.4600017666817        26.5026837098358     
         248   44.6400017738342        28.6285780903664     
         249   44.8200017809868        28.3135616752327     
         250   45.0000017881393        25.1467776471171     
         251   45.1800017952919        16.0493632876381     
         252   45.3600018024445        15.8155868044494     
         253   45.5400018095970        21.9201219173259     
         254   45.7200018167496        21.9461700327584     
         255   45.9000018239021        17.7395320887670     
         256   46.0800018310547        11.6193955963832     
         257   46.2600018382072        16.3810297002738     
         258   46.4400018453598        17.8884119561112     
         259   46.6200018525124        16.2683734919492     
         260   46.8000018596649        13.9153613125148     
         261   46.9800018668175        13.5871888472661     
         262   47.1600018739700        14.0859877091430     
         263   47.3400018811226        15.4417896636402     
         264   47.5200018882751        17.0367413996799     
         265   47.7000018954277        17.3055917667246     
         266   47.8800019025803        15.8775609186748     
         267   48.0600019097328        13.6164227055369     
         268   48.2400019168854        12.4180136389749     
         269   48.4200019240379        11.9124887306510     
         270   48.6000019311905        11.1468662886977     
         271   48.7800019383430        10.6520167583761     
         272   48.9600019454956        9.54538958950088     
         273   49.1400019526482        6.29944169336805     
         274   49.3200019598007        5.06995102797958     
         275   49.5000019669533        8.53804951523257     
         276   49.6800019741058        9.52162761549576     
         277   49.8600019812584        7.59254164639841     
         278   50.0400019884109        3.59500569979111     
         279   50.2200019955635        2.28160205380699     
         280   50.4000020027161        5.54631571064190     
         281   50.5800020098686        9.12327078413712     
         282   50.7600020170212        11.3039910317194     
         283   50.9400020241737        11.6557642516194     
         284   51.1200020313263        10.3723570713073     
         285   51.3000020384789        8.52478754758436     
         286   51.4800020456314        7.82879428889651     
         287   51.6600020527840        8.06428653508139     
         288   51.8400020599365        8.58521549138662     
         289   52.0200020670891        9.04632069370633     
         290   52.2000020742416        8.52535756357475     
         291   52.3800020813942        6.55853793969094     
         292   52.5600020885468        4.45798507061827     
         293   52.7400020956993        4.18799602850538     
         294   52.9200021028519        3.70155364007733     
         295   53.1000021100044        2.32825284370960     
         296   53.2800021171570        2.15965206741515     
         297   53.4600021243095        2.01672574224797     
         298   53.6400021314621      -0.686147696448786     
         299   53.8200021386147       -5.76149849133906     
         300   54.0000021457672       -5.71728988255059     
         301   54.1800021529198       -5.27049342094984     
         302   54.3600021600723       -1.78518128334603     
         303   54.5400021672249        2.66064186722509     
         304   54.7200021743774        4.24940081028055     
         305   54.9000021815300        3.07870982587255     
         306   55.0800021886826      -0.293111571608566     
         307   55.2600021958351       -2.61821868826740     
         308   55.4400022029877       -1.43487025223060     
         309   55.6200022101402       0.846340100631229     
         310   55.8000022172928        2.96226312846160     
         311   55.9800022244453        3.42024848362613     
         312   56.1600022315979        1.46200588851861     
         313   56.3400022387505       -2.72676303117162     
         314   56.5200022459030       -4.40106159427776     
         315   56.7000022530556       -3.78680613448595     
         316   56.8800022602081       -3.78108575110283     
         317   57.0600022673607       -1.61835523377059     
         318   57.2400022745132      -0.222049509144055     
         319   57.4200022816658       -1.66883911426005     
         320   57.6000022888184       -5.67484624217440     
         321   57.7800022959709       -5.19929427229078     
         322   57.9600023031235       -1.93164349092872     
         323   58.1400023102760       0.410838050111219     
         324   58.3200023174286        2.24798327484496     
         325   58.5000023245811        3.00257632571611     
         326   58.6800023317337        2.83878106746677     
         327   58.8600023388863        3.55521774665009     
         328   59.0400023460388        5.39728917815968     
         329   59.2200023531914        6.54776890943795     
         330   59.4000023603439        6.40935280787343     
         331   59.5800023674965        5.18949999202754     
         332   59.7600023746490        3.49235802048510     
         333   59.9400023818016        2.62661745840292     
         334   60.1200023889542        3.37509394073355     
         335   60.3000023961067        4.00733499861710     
         336   60.4800024032593        2.78998163845675     
         337   60.6600024104118       -1.69101228515009     
         338   60.8400024175644       -5.67789248552723     
         339   61.0200024247169       0.358846415365597     
         340   61.2000024318695        3.00564878594621     
         341   61.3800024390221        3.35065698178856     
         342   61.5600024461746        3.18564002953942     
         343   61.7400024533272        4.37930173112863     
         344   61.9200024604797        6.53333986808454     
         345   62.1000024676323        8.24228742849429     
         346   62.2800024747849        8.99788290746430     
         347   62.4600024819374        8.92296716502033     
         348   62.6400024890900        8.69218432033330     
         349   62.8200024962425        9.04994722253435     
         350   63.0000025033951        9.70324696484255     
         351   63.1800025105476        9.93758346490418     
         352   63.3600025177002        9.53701639695254     
         353   63.5400025248528        8.76313657572792     
         354   63.7200025320053        8.26678878609827     
         355   63.9000025391579        8.60777961655355     
         356   64.0800025463104        9.38983469622503     
         357   64.2600025534630        9.82674114569591     
         358   64.4400025606155        9.58497779548481     
         359   64.6200025677681        8.83086117348763     
         360   64.8000025749207        8.14770407257864     
         361   64.9800025820732        8.23155780372171     
         362   65.1600025892258        9.16688801846501     
         363   65.3400025963783        10.3324466968694     
         364   65.5200026035309        11.1253576169870     
         365   65.7000026106834        11.3192856507913     
         366   65.8800026178360        11.0500913484803     
         367   66.0600026249886        10.7558020802644     
         368   66.2400026321411        10.9215590513638     
         369   66.4200026392937        11.5925333282063     
         370   66.6000026464462        12.3664366480573     
         371   66.7800026535988        12.8570339971628     
         372   66.9600026607513        12.9384308289931     
         373   67.1400026679039        12.7726796297019     
         374   67.3200026750565        12.7156737701145     
         375   67.5000026822090        13.0100047799756     
         376   67.6800026893616        13.5492269547815     
         377   67.8600026965141        14.0658792852457     
         378   68.0400027036667        14.3824653436819     
         379   68.2200027108192        14.4930658416608     
         380   68.4000027179718        14.5580143200056     
         381   68.5800027251244        14.7821203919832     
         382   68.7600027322769        15.2177601969463     
         383   68.9400027394295        15.7547960401975     
         384   69.1200027465820        16.2789183614487     
         385   69.3000027537346        16.7446667639606     
         386   69.4800027608871        17.1667355938634     
         387   69.6600027680397        17.6074733234428     
         388   69.8400027751923        18.1318407938861     
         389   70.0200027823448        18.7352594267778     
         390   70.2000027894974        19.3353564673254     
         391   70.3800027966499        19.8355134203323     
         392   70.5600028038025        20.1779781694091     
         393   70.7400028109550        20.3601112014840     
         394   70.9200028181076        20.4283903600712     
         395   71.1000028252602        20.4454440313812     
         396   71.2800028324127        20.4369537016290     
         397   71.4600028395653        20.3696348063887     
         398   71.6400028467178        20.1872661999442     
         399   71.8200028538704        19.8591407608447     
         400   72.0000028610229        19.4006770545406     
         401   72.1800028681755        18.8723882698011     
         402   72.3600028753281        18.3585091956108     
         403   72.5400028824806        17.9076291620384     
         404   72.7200028896332        17.4744632829854     
         405   72.9000028967857        16.9507988611444     
         406   73.0800029039383        16.2738620504426     
         407   73.2600029110909        15.5287353176290     
         408   73.4400029182434        14.9891513808828     
         409   73.6200029253960        14.9680139572838     
         410   73.8000029325485        15.4784831717093     
         411   73.9800029397011        16.2253924861693     
         412   74.1600029468536        16.9607917201967     
         413   74.3400029540062        17.6478125674084     
         414   74.5200029611588        18.3815993549987     
         415   74.7000029683113        19.2353657330069     
         416   74.8800029754639        20.1613897085313     
         417   75.0600029826164        21.0259564605425     
         418   75.2400029897690        21.7078431686276     
         419   75.4200029969215        22.1581722504759     
         420   75.6000030040741        22.4076340248674     
         421   75.7800030112267        22.5391849960969     
         422   75.9600030183792        22.6366268003369     
         423   76.1400030255318        22.7352883742367     
         424   76.3200030326843        22.8139541906215     
         425   76.5000030398369        22.8294345878878     
         426   76.6800030469894        22.7569019089355     
         427   76.8600030541420        22.6106040430367     
         428   77.0400030612946        22.4387371084548     
         429   77.2200030684471        22.2918035136615     
         430   77.4000030755997        22.1830330433811     
         431   77.5800030827522        22.0795016966970     
         432   77.7600030899048        21.9344948516484     
         433   77.9400030970573        21.7278302967744     
         434   78.1200031042099        21.4848445462824     
         435   78.3000031113625        21.2680323812079     
         436   78.4800031185150        21.1424734850438     
         437   78.6600031256676        21.1300039243617     
         438   78.8400031328201        21.1902104108716     
         439   79.0200031399727        21.2478217170854     
         440   79.2000031471252        21.2382633875278     
         441   79.3800031542778        21.1387788040517     
         442   79.5600031614304        20.9766746929770     
         443   79.7400031685829        20.8116298366571     
         444   79.9200031757355        20.6929131521460     
         445   80.1000031828880        20.6218830969328     
         446   80.2800031900406        20.5612569028075     
         447   80.4600031971931        20.4819165158983     
         448   80.6400032043457        20.3992741760385     
         449   80.8200032114983        20.3718881279974     
         450   81.0000032186508        20.4619326677935     
         451   81.1800032258034        20.6797975238218     
         452   81.3600032329559        20.9643286601547     
         453   81.5400032401085        21.2262507880891     
         454   81.7200032472610        21.4119065662700     
         455   81.9000032544136        21.5350033611553     
         456   82.0800032615662        21.6648940419405     
         457   82.2600032687187        21.8826915474999     
         458   82.4400032758713        22.2279114824122     
         459   82.6200032830238        22.6701078664486     
         460   82.8000032901764        23.1262755335611     
         461   82.9800032973289        23.5064904488368     
         462   83.1600033044815        23.7536541292384     
         463   83.3400033116341        23.8603767035076     
         464   83.5200033187866        23.8641925746547     
         465   83.7000033259392        23.8262280940614     
         466   83.8800033330917        23.7995824819640     
         467   84.0600033402443        23.8008714159829     
         468   84.2400033473969        23.8024592920862     
         469   84.4200033545494        23.7508317934473     
         470   84.6000033617020        23.5980587824739     
         471   84.7800033688545        23.3287237749094     
         472   84.9600033760071        22.9722662313935     
         473   85.1400033831596        22.5961387857420     
         474   85.3200033903122        22.2784582531287     
         475   85.5000033974648        22.0707918742191     
         476   85.6800034046173        21.9764295649607     
         477   85.8600034117699        21.9609852726645     
         478   86.0400034189224        21.9840686925713     
         479   86.2200034260750        22.0282392582914     
         480   86.4000034332275        22.1092859337445     
         481   86.5800034403801        22.2631294081354     
         482   86.7600034475327        22.5181721497547     
         483   86.9400034546852        22.8745977283355     
         484   87.1200034618378        23.3052734497264     
         485   87.3000034689903        23.7707019189284     
         486   87.4800034761429        24.2335987485448     
         487   87.6600034832954        24.6682410439659     
         488   87.8400034904480        25.0644569357287     
         489   88.0200034976006        25.4250054142859     
         490   88.2000035047531        25.7575083135033     
         491   88.3800035119057        26.0666559723992     
         492   88.5600035190582        26.3517428160270     
         493   88.7400035262108        26.6087123170283     
         494   88.9200035333633        26.8326889722884     
         495   89.1000035405159        27.0194728745805     
         496   89.2800035476685        27.1669620319259     
         497   89.4600035548210        27.2762746621067     
         498   89.6400035619736        27.3510026624276     
         499   89.8200035691261        27.3947933637016     
         500   90.0000035762787        27.4096215540833     
         501   90.1800035834312        27.3959336072074     
         502   90.3600035905838        27.3531442991508     
         503   90.5400035977364        27.2791890929429     
         504   90.7200036048889        27.1703878653920     
         505   90.9000036120415        27.0231375927364     
         506   91.0800036191940        26.8362927967167     
         507   91.2600036263466        26.6119139246337     
         508   91.4400036334991        26.3541864033516     
         509   91.6200036406517        26.0680365279274     
         510   91.8000036478043        25.7576294715317     
         511   91.9800036549568        25.4237839310424     
         512   92.1600036621094        25.0618735299928     
         513   92.3400036692619        24.6642918612056     
         514   92.5200036764145        24.2283124705930     
         515   92.7000036835670        23.7642361670845     
         516   92.8800036907196        23.2980275325540     
         517   93.0600036978722        22.8672384624588     
         518   93.2400037050247        22.5115138467315     
         519   93.4200037121773        22.2579243645838     
         520   93.6000037193298        22.1060663985469     
         521   93.7800037264824        22.0272954990185     
         522   93.9600037336349        21.9854970474519     
         523   94.1400037407875        21.9646921882393     
         524   94.3200037479401        21.9820836654306     
         525   94.5000037550926        22.0778214865095     
         526   94.6800037622452        22.2861689688424     
         527   94.8600037693977        22.6038935413262     
         528   95.0400037765503        22.9795934045804     
         529   95.2200037837029        23.3353065978868     
         530   95.4000037908554        23.6036730732612     
         531   95.5800037980080        23.7552996108912     
         532   95.7600038051605        23.8056348602072     
         533   95.9400038123131        23.8026492029850     
         534   96.1200038194656        23.7999134839306     
         535   96.3000038266182        23.8251319995742     
         536   96.4800038337708        23.8617557256931     
         537   96.6600038409233        23.8567316040195     
         538   96.8400038480759        23.7489497035665     
         539   97.0200038552284        23.5008729940346     
         540   97.2000038623810        23.1198943021348     
         541   97.3800038695335        22.6631400553255     
         542   97.5600038766861        22.2205835558506     
         543   97.7400038838387        21.8752775256901     
         544   97.9200038909912        21.6577026233509     
         545   98.1000038981438        21.5283766472271     
         546   98.2800039052963        21.4062170788912     
         547   98.4600039124489        21.2218614623810     
         548   98.6400039196014        20.9614909668102     
         549   98.8200039267540        20.6784916040253     
         550   99.0000039339066        20.4617389520792     
         551   99.1800039410591        20.3720377781695     
         552   99.3600039482117        20.3988466914561     
         553   99.5400039553642        20.4799723083837     
         554   99.7200039625168        20.5568794419814     
         555   99.9000039696693        20.6142853771457     
         556   100.080003976822        20.6816327241533     
         557   100.260003983974        20.7966256266333     
         558   100.440003991127        20.9581654694727     
         559   100.620003998280        21.1170060869577     
         560   100.800004005432        21.2134982352313     
         561   100.980004012585        21.2206140323136     
         562   101.160004019737        21.1616293338115     
         563   101.340004026890        21.1016415113218     
         564   101.520004034042        21.1161128018100     
         565   101.700004041195        21.2451279006213     
         566   101.880004048347        21.4662065973309     
         567   102.060004055500        21.7137019903666     
         568   102.240004062653        21.9247741026961     
         569   102.420004069805        22.0738510064679     
         570   102.600004076958        22.1808770257860     
         571   102.780004084110        22.2923429143535     
         572   102.960004091263        22.4410765488994     
         573   103.140004098415        22.6139438145850     
         574   103.320004105568        22.7606380017395     
         575   103.500004112720        22.8331225055174     
         576   103.680004119873        22.8172329653863     
         577   103.860004127026        22.7378431319101     
         578   104.040004134178        22.6381992407382     
         579   104.220004141331        22.5396060049482     
         580   104.400004148483        22.4068253463940     
         581   104.580004155636        22.1560717273414     
         582   104.760004162788        21.7042730772953     
         583   104.940004169941        21.0204902725746     
         584   105.120004177094        20.1532763174367     
         585   105.300004184246        19.2236271338868     
         586   105.480004191399        18.3654153320891     
         587   105.660004198551        17.6269491179544     
         588   105.840004205704        16.9355739267990     
         589   106.020004212856        16.1964025220458     
         590   106.200004220009        15.4467673756590     
         591   106.380004227161        14.9361160461894     
         592   106.560004234314        14.9614088888383     
         593   106.740004241467        15.5088249604081     
         594   106.920004248619        16.2629100440459     
         595   107.100004255772        16.9481729435632     
         596   107.280004262924        17.4787724052039     
         597   107.460004270077        17.9170855253601     
         598   107.640004277229        18.3710905311055     
         599   107.820004284382        18.8860240901915     
         600   108.000004291534        19.4133399367946     
         601   108.180004298687        19.8688826049031     
         602   108.360004305840        20.1924271358478     
         603   108.540004312992        20.3691643738015     
         604   108.720004320145        20.4305974478840     
         605   108.900004327297        20.4336814159679     
         606   109.080004334450        20.4121394175540     
         607   109.260004341602        20.3403817193176     
         608   109.440004348755        20.1557788641610     
         609   109.620004355907        19.8120453459899     
         610   109.800004363060        19.3122304292389     
         611   109.980004370213        18.7145251359402     
         612   110.160004377365        18.1156945720439     
         613   110.340004384518        17.5975928676938     
         614   110.520004391670        17.1637663749619     
         615   110.700004398823        16.7485923086062     
         616   110.880004405975        16.2899530672736     
         617   111.060004413128        15.7738900659814     
         618   111.240004420280        15.2462118579513     
         619   111.420004427433        14.8201586839309     
         620   111.600004434586        14.6036424586555     
         621   111.780004441738        14.5436673713933     
         622   111.960004448891        14.4373143029130     
         623   112.140004456043        14.1257442159718     
         624   112.320004463196        13.6138581745898     
         625   112.500004470348        13.0755835011971     
         626   112.680004477501        12.7748668773293     
         627   112.860004484653        12.8199082285950     
         628   113.040004491806        12.9737795596916     
         629   113.220004498959        12.8828479845280     
         630   113.400004506111        12.3834052733756     
         631   113.580004513264        11.5987293360978     
         632   113.760004520416        10.9141697538518     
         633   113.940004527569        10.7355503187141     
         634   114.120004534721        11.0221215997391     
         635   114.300004541874        11.2879788685522     
         636   114.480004549026        11.0920586917884     
         637   114.660004556179        10.2966669046490     
         638   114.840004563332        9.12817226243233     
         639   115.020004570484        8.19208402116590     
         640   115.200004577637        8.11227794902118     
         641   115.380004584789        8.80113265094952     
         642   115.560004591942        9.55860951664827     
         643   115.740004599094        9.80171690580849     
         644   115.920004606247        9.36788977533757     
         645   116.100004613400        8.59840563479257     
         646   116.280004620552        8.28320282249354     
         647   116.460004627705        8.80241584409575     
         648   116.640004634857        9.58653074671020     
         649   116.820004642010        9.99373500790540     
         650   117.000004649162        9.77320541302818     
         651   117.180004656315        9.14678387397451     
         652   117.360004663467        8.81611635734463     
         653   117.540004670620        9.05217116470961     
         654   117.720004677773        9.12126971229477     
         655   117.900004684925        8.36448385804474     
         656   118.080004692078        6.66194952445458     
         657   118.260004699230        4.51221684206802     
         658   118.440004706383        3.29136153885833     
         659   118.620004713535        3.40884818283556     
         660   118.800004720688        3.02864266625525     
         661   118.980004727840       0.351013735601111     
         662   119.160004734993       -5.64001116547341     
         663   119.340004742146       -1.52526204613627     
         664   119.520004749298        2.91519715971902     
         665   119.700004756451        4.12683595282111     
         666   119.880004763603        3.49958886714795     
         667   120.060004770756        2.73020597589098     
         668   120.240004777908        3.54037549370897     
         669   120.420004785061        5.20005491579585     
         670   120.600004792213        6.40006731516953     
         671   120.780004799366        6.52042574033688     
         672   120.960004806519        5.33719899609135     
         673   121.140004813671        3.42578893956268     
         674   121.320004820824        2.64899875774844     
         675   121.500004827976        2.81340556204581     
         676   121.680004835129        2.06952408340662     
         677   121.860004842281       0.261995217384322     
         678   122.040004849434       -2.01745553737799     
         679   122.220004856586       -5.23587324691781     
         680   122.400004863739       -5.58137288399597     
         681   122.580004870892       -1.50148573750791     
         682   122.760004878044      -1.828627472250219E-003
         683   122.940004885197       -1.33039225755126     
         684   123.120004892349       -3.63173069869586     
         685   123.300004899502       -3.97644097677606     
         686   123.480004906654       -4.61633273755858     
         687   123.660004913807       -2.64856277196497     
         688   123.840004920959        1.54427863265771     
         689   124.020004928112        3.44547234720675     
         690   124.200004935265        2.93416998929480     
         691   124.380004942417       0.775119226195622     
         692   124.560004949570       -1.47619705023329     
         693   124.740004956722       -2.58227074549798     
         694   124.920004963875      -0.257598990314155     
         695   125.100004971027        3.12374100815372     
         696   125.280004978180        4.33659323196243     
         697   125.460004985332        2.84258370021617     
         698   125.640004992485       -1.39116637236595     
         699   125.820004999638       -5.03230367572999     
         700   126.000005006790       -5.89419635034292     
         701   126.180005013943       -5.72258540454849     
         702   126.360005021095      -0.616240270693668     
         703   126.540005028248        1.93508966060665     
         704   126.720005035400        1.84829936651772     
         705   126.900005042553        1.88909399440897     
         706   127.080005049706        3.42383014743772     
         707   127.260005056858        3.98656409842878     
         708   127.440005064011        4.17392091840317     
         709   127.620005071163        6.24790377109465     
         710   127.800005078316        8.27405802735536     
         711   127.980005085468        8.86850721832171     
         712   128.160005092621        8.52270746391203     
         713   128.340005099773        8.13294689861467     
         714   128.520005106926        7.94187185849066     
         715   128.700005114079        8.57098903377157     
         716   128.880005121231        10.3589409096271     
         717   129.060005128384        11.6364538702599     
         718   129.240005135536        11.3014017819326     
         719   129.420005142689        9.16057013946359     
         720   129.600005149841        5.66626425695494     
         721   129.780005156994        2.43290920711740     
         722   129.960005164146        3.54921112636171     
         723   130.140005171299        7.51126648456516     
         724   130.320005178452        9.44580237686840     
         725   130.500005185604        8.43557770839462     
         726   130.680005192757        4.83696383734387     
         727   130.860005199909        6.09866485126860     
         728   131.040005207062        9.42538694460844     
         729   131.220005214214        10.5417709944921     
         730   131.400005221367        11.0474944266827     
         731   131.580005228519        11.8380301795087     
         732   131.760005235672        12.3572088750692     
         733   131.940005242825        13.5685204325671     
         734   132.120005249977        15.8477321807981     
         735   132.300005257130        17.2863678293021     
         736   132.480005264282        17.0225563254262     
         737   132.660005271435        15.4310088439701     
         738   132.840005278587        14.0785739232466     
         739   133.020005285740        13.5807032635932     
         740   133.200005292892        13.9109962583303     
         741   133.380005300045        16.2684916594124     
         742   133.560005307198        17.8898413075359     
         743   133.740005314350        16.3809673421467     
         744   133.920005321503        11.6002663825007     
         745   134.100005328655        17.7291820952927     
         746   134.280005335808        21.9406054078775     
         747   134.460005342960        21.9142814908503     
         748   134.640005350113        15.7998945746124     
         749   134.820005357265        16.0506397107378     
         750   135.000005364418        25.1490783584418     
         751   135.180005371571        28.3151513368729     
         752   135.360005378723        28.6296994393678     
         753   135.540005385876        26.5030750726635     
         754   135.720005393028        21.2732964160465     
         755   135.900005400181        10.4000298781564     
         756   136.080005407333        12.8195603180590     
         757   136.260005414486        14.3491213266947     
         758   136.440005421638        11.9876955693107     
         759   136.620005428791        11.9764822023092     
         760   136.800005435944        13.1206707350311     
         761   136.980005443096        12.8236057639722     
         762   137.160005450249        14.2250951694881     
         763   137.340005457401        16.4985870096289     
         764   137.520005464554        17.2112533102601     
         765   137.700005471706        16.4844918465276     
         766   137.880005478859        15.6198444919753     
         767   138.060005486012        15.5208897614404     
         768   138.240005493164        15.4966749674105     
         769   138.420005500317        15.3788980653657     
         770   138.600005507469        15.5157178144169     
         771   138.780005514622        15.4880538312329     
         772   138.960005521774        14.9736539415965     
         773   139.140005528927        14.5914474331410     
         774   139.320005536079        14.6888920864383     
         775   139.500005543232        14.4045129892237     
         776   139.680005550385        13.1296792852154     
         777   139.860005557537        11.2079779208944     
         778   140.040005564690        9.52692940916915     
         779   140.220005571842        8.35534588184224     
         780   140.400005578995        8.05352559320744     
         781   140.580005586147        8.64307368891827     
         782   140.760005593300        8.27465952076007     
         783   140.940005600452        5.03843862451292     
         784   141.120005607605       -6.73093945104783     
         785   141.300005614758       -1.25967515394134     
         786   141.480005621910        4.40003818310047     
         787   141.660005629063        5.21418240685388     
         788   141.840005636215        4.46304076661229     
         789   142.020005643368        4.66927815170995     
         790   142.200005650520        7.15700863163888     
         791   142.380005657673        10.5110871014712     
         792   142.560005664825        13.1946313417354     
         793   142.740005671978        14.7283118081470     
         794   142.920005679131        15.1783125073561     
         795   143.100005686283        14.8778351010223     
         796   143.280005693436        14.3911975029690     
         797   143.460005700588        14.3359156543570     
         798   143.640005707741        14.9293247022451     
         799   143.820005714893        15.8236250548776     
         800   144.000005722046        16.4975694220710     
         801   144.180005729198        16.6285010047080     
         802   144.360005736351        16.1858098384724     
         803   144.540005743504        15.4041701161662     
         804   144.720005750656        14.6552105161281     
         805   144.900005757809        14.1806686852781     
         806   145.080005764961        13.9631290650163     
         807   145.260005772114        13.8212254581074     
         808   145.440005779266        13.5207327521445     
         809   145.620005786419        12.9786345563357     
         810   145.800005793571        12.4624994641494     
         811   145.980005800724        12.3268959871777     
         812   146.160005807877        12.4065139254007     
         813   146.340005815029        12.2576287189767     
         814   146.520005822182        11.7754944868029     
         815   146.700005829334        11.3104734414176     
         816   146.880005836487        11.4270173416097     
         817   147.060005843639        12.3366873486635     
         818   147.240005850792        13.6149490215662     
         819   147.420005857944        14.6973960910864     
         820   147.600005865097        15.2978822671470     
         821   147.780005872250        15.4282323165259     
         822   147.960005879402        15.3081666045055     
         823   148.140005886555        15.2279220183593     
         824   148.320005893707        15.3642670476605     
         825   148.500005900860        15.7018546734874     
         826   148.680005908012        16.1029234943654     
         827   148.860005915165        16.4090198767370     
         828   149.040005922318        16.5365469017067     
         829   149.220005929470        16.5260294074977     
         830   149.400005936623        16.4840301094622     
         831   149.580005943775        16.4565327714434     
         832   149.760005950928        16.3962076245114     
         833   149.940005958080        16.2624741333675     
         834   150.120005965233        16.0967296661684     
         835   150.300005972385        16.0010728347085     
         836   150.480005979538        16.0767884695331     
         837   150.660005986691        16.3526096229084     
         838   150.840005993843        16.7271394864425     
         839   151.020006000996        17.0164362733764     
         840   151.200006008148        17.0852042303777     
         841   151.380006015301        16.9340389652534     
         842   151.560006022453        16.7030391883218     
         843   151.740006029606        16.5995426024533     
         844   151.920006036758        16.7621857714352     
         845   152.100006043911        17.1559621026061     
         846   152.280006051064        17.6100752683830     
         847   152.460006058216        17.9476372773128     
         848   152.640006065369        18.0809142041997     
         849   152.820006072521        18.0340346958532     
         850   153.000006079674        17.9104226066143     
         851   153.180006086826        17.8244895483019     
         852   153.360006093979        17.8380138195929     
         853   153.540006101131        17.9452060077791     
         854   153.720006108284        18.0979037880688     
         855   153.900006115437        18.2407756847646     
         856   154.080006122589        18.3447374166198     
         857   154.260006129742        18.4192037924320     
         858   154.440006136894        18.4860160095946     
         859   154.620006144047        18.5419933312308     
         860   154.800006151199        18.5601580935429     
         861   154.980006158352        18.5287494505236     
         862   155.160006165504        18.4788027249463     
         863   155.340006172657        18.4729670244833     
         864   155.520006179810        18.5685133285438     
         865   155.700006186962        18.7793877359855     
         866   155.880006194115        19.0585204461613     
         867   156.060006201267        19.3167808769354     
         868   156.240006208420        19.4712029374401     
         869   156.420006215572        19.4895082610328     
         870   156.600006222725        19.4066566592734     
         871   156.780006229877        19.3090746002924     
         872   156.960006237030        19.2908486113640     
         873   157.140006244183        19.3997714329517     
         874   157.320006251335        19.6090478277124     
         875   157.500006258488        19.8375714157808     
         876   157.680006265640        19.9997133285659     
         877   157.860006272793        20.0478574920780     
         878   158.040006279945        19.9890628351631     
         879   158.220006287098        19.8759071301883     
         880   158.400006294250        19.7784465929119     
         881   158.580006301403        19.7505311185211     
         882   158.760006308556        19.8081072342678     
         883   158.940006315708        19.9291349834396     
         884   159.120006322861        20.0713558055645     
         885   159.300006330013        20.1967526530223     
         886   159.480006337166        20.2889792571371     
         887   159.660006344318        20.3539141174490     
         888   159.840006351471        20.4059407716423     
         889   160.020006358624        20.4545606757916     
         890   160.200006365776        20.5033951691488     
         891   160.380006372929        20.5575088906402     
         892   160.560006380081        20.6264188524520     
         893   160.740006387234        20.7189490313409     
         894   160.920006394386        20.8364869799533     
         895   161.100006401539        20.9698517996187     
         896   161.280006408691        21.0994189161349     
         897   161.460006415844        21.1988431379258     
         898   161.640006422997        21.2444659507892     
         899   161.820006430149        21.2280869365337     
         900   162.000006437302        21.1656239992067     
         901   162.180006444454        21.0949304081388     
         902   162.360006451607        21.0615195902770     
         903   162.540006458759        21.0979176625724     
         904   162.720006465912        21.2075333292733     
         905   162.900006473064        21.3626834950628     
         906   163.080006480217        21.5179183503295     
         907   163.260006487370        21.6306561051762     
         908   163.440006494522        21.6786875501090     
         909   163.620006501675        21.6680875749667     
         910   163.800006508827        21.6298620319340     
         911   163.980006515980        21.6066107768919     
         912   164.160006523132        21.6335238945253     
         913   164.340006530285        21.7219162361117     
         914   164.520006537437        21.8541976679409     
         915   164.700006544590        21.9930065105818     
         916   164.880006551743        22.0984629248372     
         917   165.060006558895        22.1441692096328     
         918   165.240006566048        22.1258789026271     
         919   165.420006573200        22.0614775851689     
         920   165.600006580353        21.9836783843947     
         921   165.780006587505        21.9282418645619     
         922   165.960006594658        21.9216821584294     
         923   166.140006601810        21.9728665678683     
         924   166.320006608963        22.0717224574100     
         925   166.500006616116        22.1953000236347     
         926   166.680006623268        22.3178560462586     
         927   166.860006630421        22.4198465417039     
         928   167.040006637573        22.4922569800184     
         929   167.220006644726        22.5360781805242     
         930   167.400006651878        22.5591570363586     
         931   167.580006659031        22.5727123959639     
         932   167.760006666183        22.5882659495736     
         933   167.940006673336        22.6146593157138     
         934   168.120006680489        22.6554726918283     
         935   168.300006687641        22.7082841014265     
         936   168.480006694794        22.7666102533032     
         937   168.660006701946        22.8232899086765     
         938   168.840006709099        22.8730956323934     
         939   169.020006716251        22.9136436727828     
         940   169.200006723404        22.9454522039349     
         941   169.380006730556        22.9721884690215     
         942   169.560006737709        23.0008256183907     
         943   169.740006744862        23.0404341618756     
         944   169.920006752014        23.0990241764505     
         945   170.100006759167        23.1796574530138     
         946   170.280006766319        23.2780805387886     
         947   170.460006773472        23.3832681022856     
         948   170.640006780624        23.4804608656675     
         949   170.820006787777        23.5552825047657     
         950   171.000006794930        23.5977200687034     
         951   171.180006802082        23.6052326575472     
         952   171.360006809235        23.5843507826121     
         953   171.540006816387        23.5500438934248     
         954   171.720006823540        23.5223950580841     
         955   171.900006830692        23.5210149396738     
         956   172.080006837845        23.5588706055632     
         957   172.260006844997        23.6379257330492     
         958   172.440006852150        23.7483991889369     
         959   172.620006859303        23.8718039978099     
         960   172.800006866455        23.9863927959348     
         961   172.980006873608        24.0730700800512     
         962   173.160006880760        24.1201554421592     
         963   173.340006887913        24.1260324983558     
         964   173.520006895065        24.0992744680686     
         965   173.700006902218        24.0562461870160     
         966   173.880006909370        24.0166432882634     
         967   174.060006916523        23.9980644348277     
         968   174.240006923676        24.0112564673593     
         969   174.420006930828        24.0575977594985     
         970   174.600006937981        24.1295126485876     
         971   174.780006945133        24.2133516460310     
         972   174.960006952286        24.2935337337151     
         973   175.140006959438        24.3566588494084     
         974   175.320006966591        24.3946142723373     
         975   175.500006973743        24.4061051891739     
         976   175.680006980896        24.3963968187680     
         977   175.860006988049        24.3753909379699     
         978   176.040006995201        24.3545519648697     
         979   176.220007002354        24.3436024559096     
         980   176.400007009506        24.3480715613589     
         981   176.580007016659        24.3684437365596     
         982   176.760007023811        24.4009218294770     
         983   176.940007030964        24.4391769363299     
         984   177.120007038116        24.4763064184128     
         985   177.300007045269        24.5064891480138     
         986   177.480007052422        24.5261464050181     
         987   177.660007059574        24.5345434609051     
         988   177.840007066727        24.5337423942762     
         989   178.020007073879        24.5278334591998     
         990   178.200007081032        24.5215639038828     
         991   178.380007088184        24.5187926874554     
         992   178.560007095337        24.5213890407503     
         993   178.740007102489        24.5290294554365     
         994   178.920007109642        24.5398632478078     
         995   179.100007116795        24.5515513682536     
         996   179.280007123947        24.5620872510553     
         997   179.460007131100        24.5701128537310     
         998   179.640007138252        24.5748565966092     
         999   179.820007145405        24.5760130075001     
        1000   180.000007152557        24.5737554847655     
