           0  0.000000000000000E+000   24.5716678991327     
           1  0.180000007152557        24.5732712504249     
           2  0.360000014305115        24.5716143104567     
           3  0.540000021457672        24.5665475931235     
           4  0.720000028610229        24.5583991108162     
           5  0.900000035762787        24.5479552253244     
           6   1.08000004291534        24.5365764033659     
           7   1.26000005006790        24.5262575757384     
           8   1.44000005722046        24.5193117150686     
           9   1.62000006437302        24.5175481882414     
          10   1.80000007152557        24.5212331133212     
          11   1.98000007867813        24.5284252288244     
          12   2.16000008583069        24.5351845709038     
          13   2.34000009298325        24.5366835411853     
          14   2.52000010013580        24.5287634673941     
          15   2.70000010728836        24.5093158854336     
          16   2.88000011444092        24.4790578494602     
          17   3.06000012159348        24.4415809515089     
          18   3.24000012874603        24.4027463440125     
          19   3.42000013589859        24.3695163123345     
          20   3.60000014305115        24.3482898298642     
          21   3.78000015020370        24.3429363398657     
          22   3.96000015735626        24.3530400655930     
          23   4.14000016450882        24.3731331463636     
          24   4.32000017166138        24.3935442599005     
          25   4.50000017881393        24.4028481615361     
          26   4.68000018596649        24.3911688884257     
          27   4.86000019311905        24.3532529282167     
          28   5.04000020027161        24.2903919985448     
          29   5.22000020742416        24.2106801146329     
          30   5.40000021457672        24.1274828884359     
          31   5.58000022172928        24.0563331161419     
          32   5.76000022888184        24.0108232232606     
          33   5.94000023603439        23.9984700037839     
          34   6.12000024318695        24.0178412441673     
          35   6.30000025033951        24.0581456789537     
          36   6.48000025749207        24.1017506792876     
          37   6.66000026464462        24.1289354068598     
          38   6.84000027179718        24.1233157155979     
          39   7.02000027894974        24.0763029074359     
          40   7.20000028610229        23.9895021420685     
          41   7.38000029325485        23.8745902855152     
          42   7.56000030040741        23.7506720405964     
          43   7.74000030755997        23.6395203718143     
          44   7.92000031471252        23.5596636868969     
          45   8.10000032186508        23.5209354389386     
          46   8.28000032901764        23.5214287533715     
          47   8.46000033617020        23.5482332436547     
          48   8.64000034332275        23.5817928592145     
          49   8.82000035047531        23.6020763443931     
          50   9.00000035762787        23.5941617913407     
          51   9.18000036478043        23.5515585772063     
          52   9.36000037193298        23.4768347814559     
          53   9.54000037908554        23.3800128870096     
          54   9.72000038623810        23.2754585215906     
          55   9.90000039339066        23.1779003422875     
          56   10.0800004005432        23.0983142467215     
          57   10.2600004076958        23.0408849026715     
          58   10.4400004148483        23.0024606807421     
          59   10.6200004220009        22.9749217248393     
          60   10.8000004291534        22.9490766045031     
          61   10.9800004363060        22.9178389065449     
          62   11.1600004434586        22.8774609705543     
          63   11.3400004506111        22.8273979618011     
          64   11.5200004577637        22.7700654830223     
          65   11.7000004649162        22.7107672919098     
          66   11.8800004720688        22.6567623787379     
          67   12.0600004792213        22.6146346826281     
          68   12.2400004863739        22.5869025241096     
          69   12.4200004935265        22.5700792059436     
          70   12.6000005006790        22.5554153322830     
          71   12.7800005078316        22.5314737014377     
          72   12.9600005149841        22.4870969170332     
          73   13.1400005221367        22.4144613255482     
          74   13.3200005292892        22.3125580225540     
          75   13.5000005364418        22.1903550558685     
          76   13.6800005435944        22.0673433274453     
          77   13.8600005507469        21.9692250698482     
          78   14.0400005578995        21.9189274055432     
          79   14.2200005650520        21.9265105636735     
          80   14.4000005722046        21.9830915943694     
          81   14.5800005793571        22.0621320875359     
          82   14.7600005865097        22.1278454802546     
          83   14.9400005936623        22.1474998229741     
          84   15.1200006008148        22.1031961948653     
          85   15.3000006079674        21.9991582589654     
          86   15.4800006151199        21.8617308077114     
          87   15.6600006222725        21.7306974836003     
          88   15.8400006294250        21.6432887645152     
          89   16.0200006365776        21.6169625263685     
          90   16.2000006437302        21.6403125040954     
          91   16.3800006508827        21.6781167977187     
          92   16.5600006580353        21.6877861683344     
          93   16.7400006651878        21.6383358703808     
          94   16.9200006723404        21.5237092402784     
          95   17.1000006794930        21.3661521135494     
          96   17.2800006866455        21.2083428052652     
          97   17.4600006937981        21.0959084357550     
          98   17.6400007009506        21.0567552923071     
          99   17.8200007081032        21.0876702862408     
         100   18.0000007152557        21.1562450330860     
         101   18.1800007224083        21.2170144005526     
         102   18.3600007295609        21.2321477709613     
         103   18.5400007367134        21.1857573104100     
         104   18.7200007438660        21.0860745610622     
         105   18.9000007510185        20.9567509050775     
         106   19.0800007581711        20.8240566490668     
         107   19.2600007653236        20.7074964692627     
         108   19.4400007724762        20.6161490631608     
         109   19.6200007796288        20.5485891234162     
         110   19.8000007867813        20.4960179012888     
         111   19.9800007939339        20.4489693504928     
         112   20.1600008010864        20.4024070900592     
         113   20.3400008082390        20.3526800145586     
         114   20.5200008153915        20.2902055166191     
         115   20.7000008225441        20.2005165882525     
         116   20.8800008296967        20.0776907505313     
         117   21.0600008368492        19.9380600741989     
         118   21.2400008440018        19.8196012302575     
         119   21.4200008511543        19.7644370164861     
         120   21.6000008583069        19.7943492895570     
         121   21.7800008654594        19.8930959332058     
         122   21.9600008726120        20.0066597811287     
         123   22.1400008797646        20.0650215592559     
         124   22.3200008869171        20.0157476323178     
         125   22.5000008940697        19.8518828927781     
         126   22.6800009012222        19.6210503344587     
         127   22.8600009083748        19.4088556839157     
         128   23.0400009155273        19.2964784331931     
         129   23.2200009226799        19.3109303286529     
         130   23.4000009298325        19.4046564391704     
         131   23.5800009369850        19.4836564794490     
         132   23.7600009441376        19.4614044003253     
         133   23.9400009512901        19.3027903940854     
         134   24.1200009584427        19.0401158823313     
         135   24.3000009655952        18.7567222193017     
         136   24.4800009727478        18.5423824093695     
         137   24.6600009799004        18.4446712103170     
         138   24.8400009870529        18.4496999742328     
         139   25.0200009942055        18.4999636463841     
         140   25.2000010013580        18.5326865641397     
         141   25.3800010085106        18.5170210754204     
         142   25.5600010156631        18.4650240218602     
         143   25.7400010228157        18.4035919091066     
         144   25.9200010299683        18.3352512875095     
         145   26.1000010371208        18.2373807735104     
         146   26.2800010442734        18.1001832308192     
         147   26.4600010514259        17.9527972477442     
         148   26.6400010585785        17.8507489586671     
         149   26.8200010657310        17.8422011273732     
         150   27.0000010728836        17.9326213407574     
         151   27.1800010800362        18.0598886443781     
         152   27.3600010871887        18.1096505684169     
         153   27.5400010943413        17.9788995618520     
         154   27.7200011014938        17.6438655860126     
         155   27.9000011086464        17.1922257329454     
         156   28.0800011157990        16.8002946404002     
         157   28.2600011229515        16.6381482706000     
         158   28.4400011301041        16.7407019029153     
         159   28.6200011372566        16.9701069009416     
         160   28.8000011444092        17.1199852249928     
         161   28.9800011515617        17.0506287898290     
         162   29.1600011587143        16.7609830485297     
         163   29.3400011658669        16.3851383551569     
         164   29.5200011730194        16.1059291111511     
         165   29.7000011801720        16.0248977659406     
         166   29.8800011873245        16.1143069968885     
         167   30.0600011944771        16.2732493549566     
         168   30.2400012016296        16.3989876025632     
         169   30.4200012087822        16.4492334826707     
         170   30.6000012159348        16.4647212515758     
         171   30.7800012230873        16.4946963912880     
         172   30.9600012302399        16.4952963955354     
         173   31.1400012373924        16.3603278278959     
         174   31.3200012445450        16.0483782937698     
         175   31.5000012516975        15.6420461679382     
         176   31.6800012588501        15.2989017571303     
         177   31.8600012660027        15.1565226767792     
         178   32.0400012731552        15.2314374927710     
         179   32.2200012803078        15.3475507502058     
         180   32.4000012874603        15.2130321472367     
         181   32.5800012946129        14.6057880277386     
         182   32.7600013017654        13.5130597164871     
         183   32.9400013089180        12.2240396434083     
         184   33.1200013160706        11.3117257489313     
         185   33.3000013232231        11.2056446194551     
         186   33.4800013303757        11.6865979777630     
         187   33.6600013375282        12.1824068653777     
         188   33.8400013446808        12.3433926361862     
         189   34.0200013518333        12.2816279464229     
         190   34.2000013589859        12.4461915335150     
         191   34.3800013661385        12.9929317829665     
         192   34.5600013732910        13.5569426725856     
         193   34.7400013804436        13.8714866436285     
         194   34.9200013875961        14.0238048605780     
         195   35.1000013947487        14.2526891446681     
         196   35.2800014019012        14.7411949184026     
         197   35.4600014090538        15.5017063609890     
         198   35.6400014162064        16.2883949478776     
         199   35.8200014233589        16.7327317301430     
         200   36.0000014305115        16.6046177780965     
         201   36.1800014376640        15.9361872130291     
         202   36.3600014448166        15.0478142103022     
         203   36.5400014519691        14.4555713778845     
         204   36.7200014591217        14.5034358187208     
         205   36.9000014662743        14.9766545461568     
         206   37.0800014734268        15.2644411849428     
         207   37.2600014805794        14.8069075776384     
         208   37.4400014877319        13.2722201015197     
         209   37.6200014948845        10.5941220247245     
         210   37.8000015020370        7.24764919495611     
         211   37.9800015091896        4.74984415073656     
         212   38.1600015163422        4.49983759544295     
         213   38.3400015234947        5.20695268108618     
         214   38.5200015306473        4.35791620091066     
         215   38.7000015377998       -1.39138813874088     
         216   38.8800015449524       -6.68951142806093     
         217   39.0600015521049        5.05568627626761     
         218   39.2400015592575        8.25940247124546     
         219   39.4200015664101        8.57915706019834     
         220   39.6000015735626        7.91240271605879     
         221   39.7800015807152        8.17460703159691     
         222   39.9600015878677        9.36967361535473     
         223   40.1400015950203        11.0958822167911     
         224   40.3200016021729        13.0547321835695     
         225   40.5000016093254        14.3455380355663     
         226   40.6800016164780        14.6315074271074     
         227   40.8600016236305        14.5341661370980     
         228   41.0400016307831        14.9271186043213     
         229   41.2200016379356        15.4551284964002     
         230   41.4000016450882        15.4928243145496     
         231   41.5800016522408        15.3666428622688     
         232   41.7600016593933        15.4980527156481     
         233   41.9400016665459        15.5371136020652     
         234   42.1200016736984        15.6476129441172     
         235   42.3000016808510        16.5111858065432     
         236   42.4800016880035        17.2333671706023     
         237   42.6600016951561        16.5266588914801     
         238   42.8400017023087        14.2887122951838     
         239   43.0200017094612        12.9400539532058     
         240   43.2000017166138        13.2380259544458     
         241   43.3800017237663        12.1038745865793     
         242   43.5600017309189        12.0815581765284     
         243   43.7400017380714        14.3995573121137     
         244   43.9200017452240        12.8934063339923     
         245   44.1000017523766        10.4319648378197     
         246   44.2800017595291        21.2498240315826     
         247   44.4600017666817        26.4832241001953     
         248   44.6400017738342        28.6097800783055     
         249   44.8200017809868        28.2904255055351     
         250   45.0000017881393        25.1080703328875     
         251   45.1800017952919        15.9217328865844     
         252   45.3600018024445        15.9136426373657     
         253   45.5400018095970        21.9818772709319     
         254   45.7200018167496        22.0082563888004     
         255   45.9000018239021        17.8143383977331     
         256   46.0800018310547        11.4086961364157     
         257   46.2600018382072        16.1754753802125     
         258   46.4400018453598        17.7109009727061     
         259   46.6200018525124        16.0344851535252     
         260   46.8000018596649        13.5788958934302     
         261   46.9800018668175        13.2329110923669     
         262   47.1600018739700        13.6978444976587     
         263   47.3400018811226        15.0774431657539     
         264   47.5200018882751        16.7399835345387     
         265   47.7000018954277        17.0109867220808     
         266   47.8800019025803        15.4837767915361     
         267   48.0600019097328        13.0137867135293     
         268   48.2400019168854        11.7088457587360     
         269   48.4200019240379        11.1683851430774     
         270   48.6000019311905        10.2694710911171     
         271   48.7800019383430        9.71706206269898     
         272   48.9600019454956        8.52152678043376     
         273   49.1400019526482        4.71063264520990     
         274   49.3200019598007        4.08559412297400     
         275   49.5000019669533        8.46833131107010     
         276   49.6800019741058        9.62252926968492     
         277   49.8600019812584        7.85303060593468     
         278   50.0400019884109        4.34341302078863     
         279   50.2200019955635        3.45227905705942     
         280   50.4000020027161        6.24561572012048     
         281   50.5800020098686        9.45686683925355     
         282   50.7600020170212        11.4681055285236     
         283   50.9400020241737        11.7266436857421     
         284   51.1200020313263        10.3401777856393     
         285   51.3000020384789        8.31265258574490     
         286   51.4800020456314        7.43887223181942     
         287   51.6600020527840        7.57383535321286     
         288   51.8400020599365        8.03589855871165     
         289   52.0200020670891        8.48113226394003     
         290   52.2000020742416        7.89751331729112     
         291   52.3800020813942        5.72216994380969     
         292   52.5600020885468        3.41662761046491     
         293   52.7400020956993        3.30558447533183     
         294   52.9200021028519        2.73981817917444     
         295   53.1000021100044       0.972260940983175     
         296   53.2800021171570        1.00523550300255     
         297   53.4600021243095        1.25075929904123     
         298   53.6400021314621       -1.56397553444376     
         299   53.8200021386147       -8.68166694666754     
         300   54.0000021457672       -9.28896080216595     
         301   54.1800021529198       -8.25133647225793     
         302   54.3600021600723       -2.35411751315560     
         303   54.5400021672249        2.71275879489475     
         304   54.7200021743774        4.40768806562168     
         305   54.9000021815300        3.29904168246068     
         306   55.0800021886826      -1.376708512467262E-002
         307   55.2600021958351       -2.38525099366697     
         308   55.4400022029877       -1.09079162369772     
         309   55.6200022101402        1.32837573046457     
         310   55.8000022172928        3.43077939983766     
         311   55.9800022244453        3.89168657827633     
         312   56.1600022315979        2.06935356396263     
         313   56.3400022387505       -1.76364519707242     
         314   56.5200022459030       -3.68412877968775     
         315   56.7000022530556       -3.43941256516621     
         316   56.8800022602081       -3.37929007594163     
         317   57.0600022673607       -1.22924837464920     
         318   57.2400022745132       0.136255137546430     
         319   57.4200022816658       -1.28386729067615     
         320   57.6000022888184       -5.89190060615100     
         321   57.7800022959709       -7.89904806880937     
         322   57.9600023031235       -4.32509158136748     
         323   58.1400023102760       -1.30699318536330     
         324   58.3200023174286        1.05331553804989     
         325   58.5000023245811        1.84763841094354     
         326   58.6800023317337        1.20473213264196     
         327   58.8600023388863        1.70901357137123     
         328   59.0400023460388        4.08713219737376     
         329   59.2200023531914        5.63837726897752     
         330   59.4000023603439        5.72899837641100     
         331   59.5800023674965        4.72092767827596     
         332   59.7600023746490        3.34859562296280     
         333   59.9400023818016        2.86339272942966     
         334   60.1200023889542        3.72492532777603     
         335   60.3000023961067        4.30233976034747     
         336   60.4800024032593        2.99656129700570     
         337   60.6600024104118       -2.02421004174904     
         338   60.8400024175644       -11.3628990926658     
         339   61.0200024247169      -0.910217123212374     
         340   61.2000024318695        2.46500841623364     
         341   61.3800024390221        3.16490720494237     
         342   61.5600024461746        3.34159095024241     
         343   61.7400024533272        4.65788627215648     
         344   61.9200024604797        6.71141376981602     
         345   62.1000024676323        8.30879263420210     
         346   62.2800024747849        8.95888941485357     
         347   62.4600024819374        8.72536186091086     
         348   62.6400024890900        8.25672865235881     
         349   62.8200024962425        8.44496086899738     
         350   63.0000025033951        9.09775551487680     
         351   63.1800025105476        9.40907668962540     
         352   63.3600025177002        9.12264092525098     
         353   63.5400025248528        8.53897015700474     
         354   63.7200025320053        8.34272936476837     
         355   63.9000025391579        8.97651866642477     
         356   64.0800025463104        9.92628682454439     
         357   64.2600025534630        10.4577389519523     
         358   64.4400025606155        10.2965866898166     
         359   64.6200025677681        9.60530520889778     
         360   64.8000025749207        8.89905620247562     
         361   64.9800025820732        8.81075359705829     
         362   65.1600025892258        9.49525746732279     
         363   65.3400025963783        10.4400278435861     
         364   65.5200026035309        11.0605685359423     
         365   65.7000026106834        11.1081634240927     
         366   65.8800026178360        10.7130913783693     
         367   66.0600026249886        10.3509147618363     
         368   66.2400026321411        10.5504839676681     
         369   66.4200026392937        11.3199724971530     
         370   66.6000026464462        12.1956447555094     
         371   66.7800026535988        12.7813128542913     
         372   66.9600026607513        12.9669814293960     
         373   67.1400026679039        12.9214478732212     
         374   67.3200026750565        12.9740383314656     
         375   67.5000026822090        13.3255926612106     
         376   67.6800026893616        13.8683930542904     
         377   67.8600026965141        14.3612606270963     
         378   68.0400027036667        14.6370142681945     
         379   68.2200027108192        14.6789676444762     
         380   68.4000027179718        14.6355490487445     
         381   68.5800027251244        14.7296398778117     
         382   68.7600027322769        15.0607191355751     
         383   68.9400027394295        15.5461359912014     
         384   69.1200027465820        16.0640431998272     
         385   69.3000027537346        16.5510063705170     
         386   69.4800027608871        17.0104715080138     
         387   69.6600027680397        17.5018898303714     
         388   69.8400027751923        18.0883962611469     
         389   70.0200027823448        18.7589909588852     
         390   70.2000027894974        19.4233137035238     
         391   70.3800027966499        19.9796569970016     
         392   70.5600028038025        20.3677886853185     
         393   70.7400028109550        20.5831264801716     
         394   70.9200028181076        20.6697925165360     
         395   71.1000028252602        20.6888434629357     
         396   71.2800028324127        20.6672550591703     
         397   71.4600028395653        20.5748350444732     
         398   71.6400028467178        20.3562094564480     
         399   71.8200028538704        19.9775266841302     
         400   72.0000028610229        19.4493462686229     
         401   72.1800028681755        18.8300925559307     
         402   72.3600028753281        18.2096922702366     
         403   72.5400028824806        17.6505301875210     
         404   72.7200028896332        17.1192807602298     
         405   72.9000028967857        16.5095319262695     
         406   73.0800029039383        15.7575093561373     
         407   73.2600029110909        14.9581535415151     
         408   73.4400029182434        14.4060878779751     
         409   73.6200029253960        14.4133261583415     
         410   73.8000029325485        14.9501294413914     
         411   73.9800029397011        15.6888641958749     
         412   74.1600029468536        16.3848851929602     
         413   74.3400029540062        17.0203418328360     
         414   74.5200029611588        17.7138221992502     
         415   74.7000029683113        18.5564120056183     
         416   74.8800029754639        19.5009519187426     
         417   75.0600029826164        20.4015364930036     
         418   75.2400029897690        21.1261941058962     
         419   75.4200029969215        21.6227562473950     
         420   75.6000030040741        21.9238566245232     
         421   75.7800030112267        22.1144311691685     
         422   75.9600030183792        22.2756845199674     
         423   76.1400030255318        22.4360903372759     
         424   76.3200030326843        22.5683796094005     
         425   76.5000030398369        22.6272573347184     
         426   76.6800030469894        22.5883928772313     
         427   76.8600030541420        22.4668257604075     
         428   77.0400030612946        22.3110275957324     
         429   77.2200030684471        22.1715632391788     
         430   77.4000030755997        22.0617194706064     
         431   77.5800030827522        21.9482887540980     
         432   77.7600030899048        21.7838141385213     
         433   77.9400030970573        21.5477335617784     
         434   78.1200031042099        21.2668202651051     
         435   78.3000031113625        21.0077965657853     
         436   78.4800031185150        20.8417085613830     
         437   78.6600031256676        20.7949127301280     
         438   78.8400031328201        20.8280495568847     
         439   79.0200031399727        20.8648627374857     
         440   79.2000031471252        20.8399252996945     
         441   79.3800031542778        20.7303195110178     
         442   79.5600031614304        20.5637176326245     
         443   79.7400031685829        20.4006710324370     
         444   79.9200031757355        20.2914544011780     
         445   80.1000031828880        20.2378428100481     
         446   80.2800031900406        20.2023892679357     
         447   80.4600031971931        20.1558378446745     
         448   80.6400032043457        20.1134184103553     
         449   80.8200032114983        20.1323749972609     
         450   81.0000032186508        20.2710856250176     
         451   81.1800032258034        20.5337918533096     
         452   81.3600032329559        20.8534686429054     
         453   81.5400032401085        21.1377009091902     
         454   81.7200032472610        21.3321652948504     
         455   81.9000032544136        21.4509830239906     
         456   82.0800032615662        21.5645960926262     
         457   82.2600032687187        21.7563799040711     
         458   82.4400032758713        22.0692126093080     
         459   82.6200032830238        22.4757524184790     
         460   82.8000032901764        22.8945277416218     
         461   82.9800032973289        23.2357832840525     
         462   83.1600033044815        23.4426237045197     
         463   83.3400033116341        23.5094058607507     
         464   83.5200033187866        23.4778260464990     
         465   83.7000033259392        23.4151282022680     
         466   83.8800033330917        23.3802142365558     
         467   84.0600033402443        23.3921233992555     
         468   84.2400033473969        23.4209475291814     
         469   84.4200033545494        23.4078188411500     
         470   84.6000033617020        23.2991365876158     
         471   84.7800033688545        23.0751456723390     
         472   84.9600033760071        22.7622910930973     
         473   85.1400033831596        22.4254605789771     
         474   85.3200033903122        22.1397522909628     
         475   85.5000033974648        21.9532544489098     
         476   85.6800034046173        21.8663654799790     
         477   85.8600034117699        21.8436241935044     
         478   86.0400034189224        21.8458401186348     
         479   86.2200034260750        21.8587569671858     
         480   86.4000034332275        21.9027891636819     
         481   86.5800034403801        22.0191621039582     
         482   86.7600034475327        22.2411877983393     
         483   86.9400034546852        22.5728765105696     
         484   87.1200034618378        22.9900336248888     
         485   87.3000034689903        23.4552855872479     
         486   87.4800034761429        23.9318860670089     
         487   87.6600034832954        24.3923463361250     
         488   87.8400034904480        24.8226496364377     
         489   88.0200034976006        25.2206214807015     
         490   88.2000035047531        25.5890923458544     
         491   88.3800035119057        25.9290895600360     
         492   88.5600035190582        26.2376287861934     
         493   88.7400035262108        26.5092982246640     
         494   88.9200035333633        26.7383353005822     
         495   89.1000035405159        26.9202896867684     
         496   89.2800035476685        27.0540264622560     
         497   89.4600035548210        27.1430986158150     
         498   89.6400035619736        27.1944413652106     
         499   89.8200035691261        27.2148376536902     
         500   90.0000035762787        27.2083322532861     
         501   90.1800035834312        27.1763826319770     
         502   90.3600035905838        27.1189575565348     
         503   90.5400035977364        27.0344998702993     
         504   90.7200036048889        26.9196590484071     
         505   90.9000036120415        26.7706722663274     
         506   91.0800036191940        26.5857291772423     
         507   91.2600036263466        26.3660627614074     
         508   91.4400036334991        26.1152648916887     
         509   91.6200036406517        25.8379622266985     
         510   91.8000036478043        25.5378507655364     
         511   91.9800036549568        25.2144576081111     
         512   92.1600036621094        24.8609907187111     
         513   92.3400036692619        24.4677700451159     
         514   92.5200036764145        24.0313594366420     
         515   92.7000036835670        23.5629645309879     
         516   92.8800036907196        23.0896401059064     
         517   93.0600036978722        22.6479988801372     
         518   93.2400037050247        22.2739251697025     
         519   93.4200037121773        21.9899767236111     
         520   93.6000037193298        21.7937380188146     
         521   93.7800037264824        21.6582588057309     
         522   93.9600037336349        21.5518258141979     
         523   94.1400037407875        21.4651725019939     
         524   94.3200037479401        21.4255014104210     
         525   94.5000037550926        21.4858471877173     
         526   94.6800037622452        21.6915852384008     
         527   94.8600037693977        22.0418791965242     
         528   95.0400037765503        22.4770453113948     
         529   95.2200037837029        22.9060060906295     
         530   95.4000037908554        23.2503588070684     
         531   95.5800037980080        23.4737676687205     
         532   95.7600038051605        23.5870051117291     
         533   95.9400038123131        23.6332933860333     
         534   96.1200038194656        23.6606461186457     
         535   96.3000038266182        23.6917077800159     
         536   96.4800038337708        23.7074043198224     
         537   96.6600038409233        23.6554951797068     
         538   96.8400038480759        23.4783380385526     
         539   97.0200038552284        23.1440536524580     
         540   97.2000038623810        22.6690808983739     
         541   97.3800038695335        22.1252556782110     
         542   97.5600038766861        21.6229158743267     
         543   97.7400038838387        21.2642600293563     
         544   97.9200038909912        21.0854090791068     
         545   98.1000038981438        21.0332409108924     
         546   98.2800039052963        21.0023494099376     
         547   98.4600039124489        20.9021079503846     
         548   98.6400039196014        20.7074897212188     
         549   98.8200039267540        20.4694671253978     
         550   99.0000039339066        20.2771236919989     
         551   99.1800039410591        20.1881685932897     
         552   99.3600039482117        20.1872977342566     
         553   99.5400039553642        20.2132266420780     
         554   99.7200039625168        20.2159701233518     
         555   99.9000039696693        20.1917762656605     
         556   100.080003976822        20.1816536116237     
         557   100.260003983974        20.2364017639095     
         558   100.440003991127        20.3684535911876     
         559   100.620003998280        20.5350574383280     
         560   100.800004005432        20.6706023857200     
         561   100.980004012585        20.7329087563290     
         562   101.160004019737        20.7296131033187     
         563   101.340004026890        20.7179631141931     
         564   101.520004034042        20.7753247226258     
         565   101.700004041195        20.9464087891802     
         566   101.880004048347        21.2083158039953     
         567   102.060004055500        21.4915541329595     
         568   102.240004062653        21.7319212999379     
         569   102.420004069805        21.9058055489156     
         570   102.600004076958        22.0348105109349     
         571   102.780004084110        22.1637697552947     
         572   102.960004091263        22.3212193274410     
         573   103.140004098415        22.4907005847161     
         574   103.320004105568        22.6220178335343     
         575   103.500004112720        22.6700405381384     
         576   103.680004119873        22.6247191324224     
         577   103.860004127026        22.5156855330099     
         578   104.040004134178        22.3918030772563     
         579   104.220004141331        22.2802327457131     
         580   104.400004148483        22.1494694487240     
         581   104.580004155636        21.9154775120254     
         582   104.760004162788        21.4917794559335     
         583   104.940004169941        20.8426310321105     
         584   105.120004177094        20.0108014758996     
         585   105.300004184246        19.1094926138893     
         586   105.480004191399        18.2612586262711     
         587   105.660004198551        17.4998788839476     
         588   105.840004205704        16.7390389510985     
         589   106.020004212856        15.8773460851779     
         590   106.200004220009        14.9648345623642     
         591   106.380004227161        14.3035814319009     
         592   106.560004234314        14.2609366795688     
         593   106.740004241467        14.8239256771765     
         594   106.920004248619        15.6300871582923     
         595   107.100004255772        16.3869749887244     
         596   107.280004262924        17.0132227696287     
         597   107.460004270077        17.5697555986170     
         598   107.640004277229        18.1493418200998     
         599   107.820004284382        18.7775179649107     
         600   108.000004291534        19.3943487367952     
         601   108.180004298687        19.9124134727457     
         602   108.360004305840        20.2696448519406     
         603   108.540004312992        20.4490265834372     
         604   108.720004320145        20.4816051756835     
         605   108.900004327297        20.4285835489581     
         606   109.080004334450        20.3342267115831     
         607   109.260004341602        20.1864806368681     
         608   109.440004348755        19.9335947922803     
         609   109.620004355907        19.5361899343786     
         610   109.800004363060        19.0027704335701     
         611   109.980004370213        18.3979823185818     
         612   110.160004377365        17.8256911124818     
         613   110.340004384518        17.3692483181805     
         614   110.520004391670        17.0219222207726     
         615   110.700004398823        16.7021437771391     
         616   110.880004405975        16.3363354493069     
         617   111.060004413128        15.9035537407907     
         618   111.240004420280        15.4382323199936     
         619   111.420004427433        15.0291994724513     
         620   111.600004434586        14.7592791230042     
         621   111.780004441738        14.5799898469294     
         622   111.960004448891        14.3116012886979     
         623   112.140004456043        13.7954751444122     
         624   112.320004463196        13.0024312348098     
         625   112.500004470348        12.0701599673812     
         626   112.680004477501        11.3179581021049     
         627   112.860004484653        11.0348694751660     
         628   113.040004491806        11.0580638315920     
         629   113.220004498959        10.9287822611777     
         630   113.400004506111        10.4162312642632     
         631   113.580004513264        9.71948865157695     
         632   113.760004520416        9.38058425386925     
         633   113.940004527569        9.76358838188517     
         634   114.120004534721        10.5521472402652     
         635   114.300004541874        11.1533476143142     
         636   114.480004549026        11.2017076468260     
         637   114.660004556179        10.6466391908185     
         638   114.840004563332        9.75160415326665     
         639   115.020004570484        9.06101030945885     
         640   115.200004577637        9.06753417320997     
         641   115.380004584789        9.68335025996963     
         642   115.560004591942        10.3200425562926     
         643   115.740004599094        10.4383275922227     
         644   115.920004606247        9.81968886861164     
         645   116.100004613400        8.66279581225378     
         646   116.280004620552        7.73395257933141     
         647   116.460004627705        7.85070183014715     
         648   116.640004634857        8.65517912133731     
         649   116.820004642010        9.25105468472889     
         650   117.000004649162        9.21298017379775     
         651   117.180004656315        8.71927947999923     
         652   117.360004663467        8.48268559179784     
         653   117.540004670620        8.80412359619476     
         654   117.720004677773        8.96200863564160     
         655   117.900004684925        8.28929668290879     
         656   118.080004692078        6.60467950593257     
         657   118.260004699230        4.15963116176459     
         658   118.440004706383        2.08737127779641     
         659   118.620004713535        1.60117900793406     
         660   118.800004720688        1.00503352718116     
         661   118.980004727840       -2.44824865806330     
         662   119.160004734993       -10.6993210127331     
         663   119.340004742146       -1.24302384983792     
         664   119.520004749298        3.10825274692661     
         665   119.700004756451        4.13478057538740     
         666   119.880004763603        3.45663720369846     
         667   120.060004770756        3.02030174631732     
         668   120.240004777908        4.22038674638698     
         669   120.420004785061        5.86255999766460     
         670   120.600004792213        6.90600725656199     
         671   120.780004799366        6.98131376080990     
         672   120.960004806519        6.05448769464039     
         673   121.140004813671        4.83324673119882     
         674   121.320004820824        4.46189211073755     
         675   121.500004827976        4.30708495925600     
         676   121.680004835129        3.13825716616918     
         677   121.860004842281        1.01274746819934     
         678   122.040004849434       -1.23108960513538     
         679   122.220004856586       -4.42861558534249     
         680   122.400004863739       -9.29396455033305     
         681   122.580004870892       -6.21206583105443     
         682   122.760004878044       -4.30954686569407     
         683   122.940004885197       -6.48882955972753     
         684   123.120004892349       -7.32619913485038     
         685   123.300004899502       -5.08423423567274     
         686   123.480004906654       -7.58067120716078     
         687   123.660004913807       -9.18126712269141     
         688   123.840004920959       -1.24563604346483     
         689   124.020004928112        1.50952675135754     
         690   124.200004935265       0.894874029045973     
         691   124.380004942417       -1.91774918127825     
         692   124.560004949570       -4.51471157451902     
         693   124.740004956722       -5.41205435927194     
         694   124.920004963875       -1.88929005340482     
         695   125.100004971027        2.25764463087760     
         696   125.280004978180        3.68043269208730     
         697   125.460004985332        2.16532290672339     
         698   125.640004992485       -2.12343578042274     
         699   125.820004999638       -4.78382264180846     
         700   126.000005006790       -5.26815823254633     
         701   126.180005013943       -6.81351574746494     
         702   126.360005021095       -1.85137124425060     
         703   126.540005028248       0.943215219000915     
         704   126.720005035400       0.881245697742497     
         705   126.900005042553        1.22291803952722     
         706   127.080005049706        3.06301371028145     
         707   127.260005056858        3.59870168084768     
         708   127.440005064011        3.78230579972115     
         709   127.620005071163        6.17956510135055     
         710   127.800005078316        8.42550765662214     
         711   127.980005085468        9.12461769509042     
         712   128.160005092621        8.79294537572414     
         713   128.340005099773        8.35041866672774     
         714   128.520005106926        8.23008207046103     
         715   128.700005114079        9.07132499862446     
         716   128.880005121231        10.8933084215563     
         717   129.060005128384        12.0948074079285     
         718   129.240005135536        11.7092557268763     
         719   129.420005142689        9.56724151845681     
         720   129.600005149841        6.13770487445140     
         721   129.780005156994        2.99601739056998     
         722   129.960005164146        3.68779009812141     
         723   130.140005171299        7.33977929982961     
         724   130.320005178452        9.17951315579138     
         725   130.500005185604        8.00054826204233     
         726   130.680005192757        3.79134468670561     
         727   130.860005199909        5.33018856727055     
         728   131.040005207062        9.01780442132110     
         729   131.220005214214        10.1792595907771     
         730   131.400005221367        10.7436614690140     
         731   131.580005228519        11.6517750170377     
         732   131.760005235672        12.2586724525730     
         733   131.940005242825        13.5394170039971     
         734   132.120005249977        15.8653424433228     
         735   132.300005257130        17.3331684219240     
         736   132.480005264282        17.1011921380964     
         737   132.660005271435        15.5416916185320     
         738   132.840005278587        14.1710844917872     
         739   133.020005285740        13.6352484530873     
         740   133.200005292892        13.9980459101674     
         741   133.380005300045        16.3726226705719     
         742   133.560005307198        17.9770890186588     
         743   133.740005314350        16.4508678560730     
         744   133.920005321503        11.4953474958771     
         745   134.100005328655        17.6451444976930     
         746   134.280005335808        21.9088349955170     
         747   134.460005342960        21.8992057077946     
         748   134.640005350113        15.8079647804798     
         749   134.820005357265        16.0900757361689     
         750   135.000005364418        25.1568593453330     
         751   135.180005371571        28.3222292730502     
         752   135.360005378723        28.6407979098098     
         753   135.540005385876        26.5256134555806     
         754   135.720005393028        21.3384347224579     
         755   135.900005400181        10.8235402976446     
         756   136.080005407333        12.8833522200112     
         757   136.260005414486        14.3550097903094     
         758   136.440005421638        12.0660661892498     
         759   136.620005428791        12.1102982594349     
         760   136.800005435944        13.1819698883056     
         761   136.980005443096        12.7937262834028     
         762   137.160005450249        14.1726588273237     
         763   137.340005457401        16.4893479352594     
         764   137.520005464554        17.2308286018597     
         765   137.700005471706        16.5124721978690     
         766   137.880005478859        15.6240922167451     
         767   138.060005486012        15.5025320568782     
         768   138.240005493164        15.5037709542682     
         769   138.420005500317        15.4523628321378     
         770   138.600005507469        15.6427022566485     
         771   138.780005514622        15.6275778031901     
         772   138.960005521774        15.0976882547327     
         773   139.140005528927        14.6774435429501     
         774   139.320005536079        14.7399236078442     
         775   139.500005543232        14.4399278494698     
         776   139.680005550385        13.1505598039923     
         777   139.860005557537        11.1804698747593     
         778   140.040005564690        9.39802764328995     
         779   140.220005571842        8.12540123217736     
         780   140.400005578995        7.81356794872996     
         781   140.580005586147        8.46757238797208     
         782   140.760005593300        8.11833645912766     
         783   140.940005600452        4.79976869496917     
         784   141.120005607605       -7.93073531660256     
         785   141.300005614758      -0.683549027032196     
         786   141.480005621910        4.74803818672002     
         787   141.660005629063        5.54530761068249     
         788   141.840005636215        4.79830091808083     
         789   142.020005643368        4.91893149616348     
         790   142.200005650520        7.26417974742684     
         791   142.380005657673        10.5277278388341     
         792   142.560005664825        13.1652385350033     
         793   142.740005671978        14.6695995054807     
         794   142.920005679131        15.0936779478320     
         795   143.100005686283        14.7667126655042     
         796   143.280005693436        14.2556939536012     
         797   143.460005700588        14.1840331901828     
         798   143.640005707741        14.7731962680722     
         799   143.820005714893        15.6748680902220     
         800   144.000005722046        16.3620568155128     
         801   144.180005729198        16.5070138454325     
         802   144.360005736351        16.0781422463728     
         803   144.540005743504        15.3115051784652     
         804   144.720005750656        14.5797522381597     
         805   144.900005757809        14.1262437661004     
         806   145.080005764961        13.9371877041351     
         807   145.260005772114        13.8294951461003     
         808   145.440005779266        13.5586882714362     
         809   145.620005786419        13.0270151936807     
         810   145.800005793571        12.4858298860319     
         811   145.980005800724        12.2959573236114     
         812   146.160005807877        12.3259929511289     
         813   146.340005815029        12.1452894742164     
         814   146.520005822182        11.6412411107161     
         815   146.700005829334        11.1578623795688     
         816   146.880005836487        11.2662122064196     
         817   147.060005843639        12.1919274445493     
         818   147.240005850792        13.5047682341454     
         819   147.420005857944        14.6244162558682     
         820   147.600005865097        15.2589558486074     
         821   147.780005872250        15.4221513544974     
         822   147.960005879402        15.3369301139152     
         823   148.140005886555        15.2942534454283     
         824   148.320005893707        15.4681490330685     
         825   148.500005900860        15.8388100373751     
         826   148.680005908012        16.2652451547508     
         827   148.860005915165        16.5890960057550     
         828   149.040005922318        16.7282508695777     
         829   149.220005929470        16.7226402373183     
         830   149.400005936623        16.6771516769102     
         831   149.580005943775        16.6396586717108     
         832   149.760005950928        16.5677635077964     
         833   149.940005958080        16.4232142892197     
         834   150.120005965233        16.2455322314564     
         835   150.300005972385        16.1343170504677     
         836   150.480005979538        16.1917535292969     
         837   150.660005986691        16.4513061918916     
         838   150.840005993843        16.8164710809129     
         839   151.020006000996        17.1051199133882     
         840   151.200006008148        17.1814924306273     
         841   151.380006015301        17.0451841784792     
         842   151.560006022453        16.8344153059341     
         843   151.740006029606        16.7522154064639     
         844   151.920006036758        16.9312735063617     
         845   152.100006043911        17.3335334363941     
         846   152.280006051064        17.7902902828760     
         847   152.460006058216        18.1285558920771     
         848   152.640006065369        18.2624519272725     
         849   152.820006072521        18.2146211902545     
         850   153.000006079674        18.0845683015668     
         851   153.180006086826        17.9831238088647     
         852   153.360006093979        17.9715642317301     
         853   153.540006101131        18.0466598277134     
         854   153.720006108284        18.1639804742813     
         855   153.900006115437        18.2717004842914     
         856   154.080006122589        18.3436519827925     
         857   154.260006129742        18.3917457993399     
         858   154.440006136894        18.4394134805175     
         859   154.620006144047        18.4829772116566     
         860   154.800006151199        18.4931265831859     
         861   154.980006158352        18.4561744913784     
         862   155.160006165504        18.4035996318917     
         863   155.340006172657        18.4006262012905     
         864   155.520006179810        18.5065491075591     
         865   155.700006186962        18.7337613347097     
         866   155.880006194115        19.0301861473861     
         867   156.060006201267        19.3015380917186     
         868   156.240006208420        19.4619793993565     
         869   156.420006215572        19.4783511948145     
         870   156.600006222725        19.3855681200286     
         871   156.780006229877        19.2705076662471     
         872   156.960006237030        19.2286424266802     
         873   157.140006244183        19.3102510555194     
         874   157.320006251335        19.4912453847677     
         875   157.500006258488        19.6922326587467     
         876   157.680006265640        19.8280695435103     
         877   157.860006272793        19.8512567170304     
         878   158.040006279945        19.7696400130481     
         879   158.220006287098        19.6375940195842     
         880   158.400006294250        19.5272573230687     
         881   158.580006301403        19.4936361167725     
         882   158.760006308556        19.5523999807491     
         883   158.940006315708        19.6802537130970     
         884   159.120006322861        19.8333231396182     
         885   159.300006330013        19.9719276071339     
         886   159.480006337166        20.0780114856616     
         887   159.660006344318        20.1555060634946     
         888   159.840006351471        20.2166454254403     
         889   160.020006358624        20.2692027060024     
         890   160.200006365776        20.3162874994895     
         891   160.380006372929        20.3638223059004     
         892   160.560006380081        20.4228742046904     
         893   160.740006387234        20.5036060109392     
         894   160.920006394386        20.6081565185112     
         895   161.100006401539        20.7277909870864     
         896   161.280006408691        20.8433741230669     
         897   161.460006415844        20.9290616308834     
         898   161.640006422997        20.9615715182076     
         899   161.820006430149        20.9331375199698     
         900   162.000006437302        20.8605768391894     
         901   162.180006444454        20.7832656138714     
         902   162.360006451607        20.7484041883709     
         903   162.540006458759        20.7894028803414     
         904   162.720006465912        20.9089408128045     
         905   162.900006473064        21.0770395285016     
         906   163.080006480217        21.2452939151821     
         907   163.260006487370        21.3685722649307     
         908   163.440006494522        21.4231356064309     
         909   163.620006501675        21.4146600151798     
         910   163.800006508827        21.3747195949716     
         911   163.980006515980        21.3471279281839     
         912   164.160006523132        21.3684361105193     
         913   164.340006530285        21.4508929179108     
         914   164.520006537437        21.5770872249470     
         915   164.700006544590        21.7092407789960     
         916   164.880006551743        21.8069694381174     
         917   165.060006558895        21.8437918905391     
         918   165.240006566048        21.8160721887150     
         919   165.420006573200        21.7429654590689     
         920   165.600006580353        21.6587722857797     
         921   165.780006587505        21.6006069530095     
         922   165.960006594658        21.5955680455516     
         923   166.140006601810        21.6520639509246     
         924   166.320006608963        21.7586080636919     
         925   166.500006616116        21.8902634267563     
         926   166.680006623268        22.0192274407266     
         927   166.860006630421        22.1242543407262     
         928   167.040006637573        22.1952454976764     
         929   167.220006644726        22.2328271731510     
         930   167.400006651878        22.2451824379295     
         931   167.580006659031        22.2444321925216     
         932   167.760006666183        22.2433104542144     
         933   167.940006673336        22.2518550446672     
         934   168.120006680489        22.2745745128452     
         935   168.300006687641        22.3097029777206     
         936   168.480006694794        22.3513971464222     
         937   168.660006701946        22.3934010850492     
         938   168.840006709099        22.4316747709971     
         939   169.020006716251        22.4650036279944     
         940   169.200006723404        22.4946800398702     
         941   169.380006730556        22.5245829429937     
         942   169.560006737709        22.5614214194531     
         943   169.740006744862        22.6136683023663     
         944   169.920006752014        22.6884196906944     
         945   170.100006759167        22.7874387699671     
         946   170.280006766319        22.9048116470390     
         947   170.460006773472        23.0276910368652     
         948   170.640006780624        23.1396262269612     
         949   170.820006787777        23.2249270791756     
         950   171.000006794930        23.2727836276554     
         951   171.180006802082        23.2804207273510     
         952   171.360006809235        23.2546856133333     
         953   171.540006816387        23.2113613247030     
         954   171.720006823540        23.1717355412054     
         955   171.900006830692        23.1568479209029     
         956   172.080006837845        23.1811142199497     
         957   172.260006844997        23.2477757857892     
         958   172.440006852150        23.3480258024221     
         959   172.620006859303        23.4639938418420     
         960   172.800006866455        23.5742251446637     
         961   172.980006873608        23.6597136296590     
         962   173.160006880760        23.7088345766489     
         963   173.340006887913        23.7201369071261     
         964   173.520006895065        23.7025078424976     
         965   173.700006902218        23.6726630080925     
         966   173.880006909370        23.6504337488779     
         967   174.060006916523        23.6530350586213     
         968   174.240006923676        23.6901038731715     
         969   174.420006930828        23.7612109931203     
         970   174.600006937981        23.8565677620881     
         971   174.780006945133        23.9603495963277     
         972   174.960006952286        24.0552529553243     
         973   175.140006959438        24.1268603590221     
         974   175.320006966591        24.1668090421074     
         975   175.500006973743        24.1742470578702     
         976   175.680006980896        24.1554370038248     
         977   175.860006988049        24.1216785080876     
         978   176.040006995201        24.0860837487493     
         979   176.220007002354        24.0601318455510     
         980   176.400007009506        24.0510868954774     
         981   176.580007016659        24.0610175918971     
         982   176.760007023811        24.0874148408831     
         983   176.940007030964        24.1247796666158     
         984   177.120007038116        24.1664447895713     
         985   177.300007045269        24.2061876218302     
         986   177.480007052422        24.2394869943185     
         987   177.660007059574        24.2643371691597     
         988   177.840007066727        24.2814500992204     
         989   178.020007073879        24.2936818318253     
         990   178.200007081032        24.3047466992848     
         991   178.380007088184        24.3176503807831     
         992   178.560007095337        24.3335104868480     
         993   178.740007102489        24.3512862783537     
         994   178.920007109642        24.3684355770558     
         995   179.100007116795        24.3820130421111     
         996   179.280007123947        24.3895933125423     
         997   179.460007131100        24.3896888654764     
         998   179.640007138252        24.3817471018766     
         999   179.820007145405        24.3660227036947     
        1000   180.000007152557        24.3435213065343     
