           0  0.000000000000000E+000   24.5744866466292     
           1  0.180000007152557        24.5767098812814     
           2  0.360000014305115        24.5755293716988     
           3  0.540000021457672        24.5707710532731     
           4  0.720000028610229        24.5627375302890     
           5  0.900000035762787        24.5521965875515     
           6   1.08000004291534        24.5405024103658     
           7   1.26000005006790        24.5296580929522     
           8   1.44000005722046        24.5219999144036     
           9   1.62000006437302        24.5193769057543     
          10   1.80000007152557        24.5221124859274     
          11   1.98000007867813        24.5283390357939     
          12   2.16000008583069        24.5342004565219     
          13   2.34000009298325        24.5349526273821     
          14   2.52000010013580        24.5265075699093     
          15   2.70000010728836        24.5068038240979     
          16   2.88000011444092        24.4765748599633     
          17   3.06000012159348        24.4393966686695     
          18   3.24000012874603        24.4010870952848     
          19   3.42000013589859        24.3685461479811     
          20   3.60000014305115        24.3481019117272     
          21   3.78000015020370        24.3435531972550     
          22   3.96000015735626        24.3544194462688     
          23   4.14000016450882        24.3751764371380     
          24   4.32000017166138        24.3961058923632     
          25   4.50000017881393        24.4057456894094     
          26   4.68000018596649        24.3941939792850     
          27   4.86000019311905        24.3561836999656     
          28   5.04000020027161        24.2930072146469     
          29   5.22000020742416        24.2127754164093     
          30   5.40000021457672        24.1288881149967     
          31   5.58000022172928        24.0569281881361     
          32   5.76000022888184        24.0105491753003     
          33   5.94000023603439        23.9973325130013     
          34   6.12000024318695        24.0159061844964     
          35   6.30000025033951        24.0555286090700     
          36   6.48000025749207        24.0986036898673     
          37   6.66000026464462        24.1254349543939     
          38   6.84000027179718        24.1196538213643     
          39   7.02000027894974        24.0726817404482     
          40   7.20000028610229        23.9861295724300     
          41   7.38000029325485        23.8716728210051     
          42   7.56000030040741        23.7484026075813     
          43   7.74000030755997        23.6380615813874     
          44   7.92000031471252        23.5591307697486     
          45   8.10000032186508        23.5213841320085     
          46   8.28000032901764        23.5228508510544     
          47   8.46000033617020        23.5505584892035     
          48   8.64000034332275        23.5848938578172     
          49   8.82000035047531        23.6057743543689     
          50   9.00000035762787        23.5982338570020     
          51   9.18000036478043        23.5557481429213     
          52   9.36000037193298        23.4808673072849     
          53   9.54000037908554        23.3836153068547     
          54   9.72000038623810        23.2783787645123     
          55   9.90000039339066        23.1799234160838     
          56   10.0800004005432        23.0992750315285     
          57   10.2600004076958        23.0406813163862     
          58   10.4400004148483        23.0010701698016     
          59   10.6200004220009        22.9724192731238     
          60   10.8000004291534        22.9456474199548     
          61   10.9800004363060        22.9137768180140     
          62   11.1600004434586        22.8731461695935     
          63   11.3400004506111        22.8232557086419     
          64   11.5200004577637        22.7665168230946     
          65   11.7000004649162        22.7081856698266     
          66   11.8800004720688        22.6554433383520     
          67   12.0600004792213        22.6147765067774     
          68   12.2400004863739        22.5885921169227     
          69   12.4200004935265        22.5732809765332     
          70   12.6000005006790        22.5599671359367     
          71   12.7800005078316        22.5370982878711     
          72   12.9600005149841        22.4934350808068     
          73   13.1400005221367        22.4211221869505     
          74   13.3200005292892        22.3191696812567     
          75   13.5000005364418        22.1965969617038     
          76   13.6800005435944        22.0729526315774     
          77   13.8600005507469        21.9739837883850     
          78   14.0400005578995        21.9226456432863     
          79   14.2200005650520        21.9290194233539     
          80   14.4000005722046        21.9842489571914     
          81   14.5800005793571        22.0618324968946     
          82   14.7600005865097        22.1260227713970     
          83   14.9400005936623        22.1441205200899     
          84   15.1200006008148        22.0982528844642     
          85   15.3000006079674        21.9926748686605     
          86   15.4800006151199        21.8537851844590     
          87   15.6600006222725        21.7214548989007     
          88   15.8400006294250        21.6330278949992     
          89   16.0200006365776        21.6060726420339     
          90   16.2000006437302        21.6292570247134     
          91   16.3800006508827        21.6673853665654     
          92   16.5600006580353        21.6778665435070     
          93   16.7400006651878        21.6297155221627     
          94   16.9200006723404        21.5168849895406     
          95   17.1000006794930        21.3616109201995     
          96   17.2800006866455        21.2064911695547     
          97   17.4600006937981        21.0969711856924     
          98   17.6400007009506        21.0607064938498     
          99   17.8200007081032        21.0942472650129     
         100   18.0000007152557        21.1650307062365     
         101   18.1800007224083        21.2275256788454     
         102   18.3600007295609        21.2438831319700     
         103   18.5400007367134        21.1982042606327     
         104   18.7200007438660        21.0987127327893     
         105   18.9000007510185        20.9690860356929     
         106   19.0800007581711        20.8356820470121     
         107   19.2600007653236        20.7181352769604     
         108   19.4400007724762        20.6256358545501     
         109   19.6200007796288        20.5568011419222     
         110   19.8000007867813        20.5028048365521     
         111   19.9800007939339        20.4541246322076     
         112   20.1600008010864        20.4056931237693     
         113   20.3400008082390        20.3538855858607     
         114   20.5200008153915        20.2891874995083     
         115   20.7000008225441        20.1971899745163     
         116   20.8800008296967        20.0719848416511     
         117   21.0600008368492        19.9298956636880     
         118   21.2400008440018        19.8089316966757     
         119   21.4200008511543        19.7513598803717     
         120   21.6000008583069        19.7792364537690     
         121   21.7800008654594        19.8766253122651     
         122   21.9600008726120        19.9896734799379     
         123   22.1400008797646        20.0483115866056     
         124   22.3200008869171        19.9999469053473     
         125   22.5000008940697        19.8375119448462     
         126   22.6800009012222        19.6086300943304     
         127   22.8600009083748        19.3989629562374     
         128   23.0400009155273        19.2896736123055     
         129   23.2200009226799        19.3076151601694     
         130   23.4000009298325        19.4050228840932     
         131   23.5800009369850        19.4877982935044     
         132   23.7600009441376        19.4694797700936     
         133   23.9400009512901        19.3150748875186     
         134   24.1200009584427        19.0568553101048     
         135   24.3000009655952        18.7778237820845     
         136   24.4800009727478        18.5671820748667     
         137   24.6600009799004        18.4720476607683     
         138   24.8400009870529        18.4784311343566     
         139   25.0200009942055        18.5289328474607     
         140   25.2000010013580        18.5607696229071     
         141   25.3800010085106        18.5428422476474     
         142   25.5600010156631        18.4869488154414     
         143   25.7400010228157        18.4201957035312     
         144   25.9200010299683        18.3459236830560     
         145   26.1000010371208        18.2423948762022     
         146   26.2800010442734        18.1001890586035     
         147   26.4600010514259        17.9482777190542     
         148   26.6400010585785        17.8418202550201     
         149   26.8200010657310        17.8288374570155     
         150   27.0000010728836        17.9150827472599     
         151   27.1800010800362        18.0388421593152     
         152   27.3600010871887        18.0857923412963     
         153   27.5400010943413        17.9525450097753     
         154   27.7200011014938        17.6149245130444     
         155   27.9000011086464        17.1605491598419     
         156   28.0800011157990        16.7661877168677     
         157   28.2600011229515        16.6026267173481     
         158   28.4400011301041        16.7050226183985     
         159   28.6200011372566        16.9349381126110     
         160   28.8000011444092        17.0851496285702     
         161   28.9800011515617        17.0155704573210     
         162   29.1600011587143        16.7255529743112     
         163   29.3400011658669        16.3502742680756     
         164   29.5200011730194        16.0734733724658     
         165   29.7000011801720        15.9963870526297     
         166   29.8800011873245        16.0904002975371     
         167   30.0600011944771        16.2546028355114     
         168   30.2400012016296        16.3872221598629     
         169   30.4200012087822        16.4469539115062     
         170   30.6000012159348        16.4742786754484     
         171   30.7800012230873        16.5162871564134     
         172   30.9600012302399        16.5267232906476     
         173   31.1400012373924        16.3989355323752     
         174   31.3200012445450        16.0925913970595     
         175   31.5000012516975        15.6916318578470     
         176   31.6800012588501        15.3547143255270     
         177   31.8600012660027        15.2194875886270     
         178   32.0400012731552        15.3010504100841     
         179   32.2200012803078        15.4224719726663     
         180   32.4000012874603        15.2934841449939     
         181   32.5800012946129        14.6944557901281     
         182   32.7600013017654        13.6137040354084     
         183   32.9400013089180        12.3373838098841     
         184   33.1200013160706        11.4296530429981     
         185   33.3000013232231        11.3149355341003     
         186   33.4800013303757        11.7817444661951     
         187   33.6600013375282        12.2654520649301     
         188   33.8400013446808        12.4154824517660     
         189   34.0200013518333        12.3363069370275     
         190   34.2000013589859        12.4716506739180     
         191   34.3800013661385        12.9879520896910     
         192   34.5600013732910        13.5316274095106     
         193   34.7400013804436        13.8347349555234     
         194   34.9200013875961        13.9790465799050     
         195   35.1000013947487        14.1976388591355     
         196   35.2800014019012        14.6718162492607     
         197   35.4600014090538        15.4196169530052     
         198   35.6400014162064        16.1998419989767     
         199   35.8200014233589        16.6411618759213     
         200   36.0000014305115        16.5088752634512     
         201   36.1800014376640        15.8332139692808     
         202   36.3600014448166        14.9363272764094     
         203   36.5400014519691        14.3395167037368     
         204   36.7200014591217        14.3914608677841     
         205   36.9000014662743        14.8753509513601     
         206   37.0800014734268        15.1733570884408     
         207   37.2600014805794        14.7204994905142     
         208   37.4400014877319        13.1826308810390     
         209   37.6200014948845        10.4920753157468     
         210   37.8000015020370        7.12664637966218     
         211   37.9800015091896        4.62632378137209     
         212   38.1600015163422        4.41662820506954     
         213   38.3400015234947        5.17146792381286     
         214   38.5200015306473        4.35477774598653     
         215   38.7000015377998       -1.34146325932604     
         216   38.8800015449524       -6.57861320083910     
         217   39.0600015521049        5.07548231463614     
         218   39.2400015592575        8.29902559784176     
         219   39.4200015664101        8.66604313093525     
         220   39.6000015735626        8.07870852440763     
         221   39.7800015807152        8.38031485031976     
         222   39.9600015878677        9.54848478550122     
         223   40.1400015950203        11.2225014068796     
         224   40.3200016021729        13.1364656558118     
         225   40.5000016093254        14.4066139563919     
         226   40.6800016164780        14.6891653367042     
         227   40.8600016236305        14.5923549241892     
         228   41.0400016307831        14.9757993850490     
         229   41.2200016379356        15.4890586108062     
         230   41.4000016450882        15.5124743166031     
         231   41.5800016522408        15.3696510388074     
         232   41.7600016593933        15.4838397717359     
         233   41.9400016665459        15.5076709274037     
         234   42.1200016736984        15.6080706953090     
         235   42.3000016808510        16.4750454894844     
         236   42.4800016880035        17.2028423358773     
         237   42.6600016951561        16.4898879242976     
         238   42.8400017023087        14.2183566048444     
         239   43.0200017094612        12.8292920675809     
         240   43.2000017166138        13.1348373551551     
         241   43.3800017237663        11.9944203262191     
         242   43.5600017309189        11.9996866732462     
         243   43.7400017380714        14.3548862395729     
         244   43.9200017452240        12.8295508438916     
         245   44.1000017523766        10.4162984423666     
         246   44.2800017595291        21.2736350182372     
         247   44.4600017666817        26.5027114435093     
         248   44.6400017738342        28.6292406356814     
         249   44.8200017809868        28.3145972935866     
         250   45.0000017881393        25.1482737455672     
         251   45.1800017952919        16.0487121230394     
         252   45.3600018024445        15.8012135471165     
         253   45.5400018095970        21.9147169350000     
         254   45.7200018167496        21.9408808669125     
         255   45.9000018239021        17.7299740319815     
         256   46.0800018310547        11.6040784268503     
         257   46.2600018382072        16.3814275257728     
         258   46.4400018453598        17.8893638182757     
         259   46.6200018525124        16.2676720945490     
         260   46.8000018596649        13.9106652202176     
         261   46.9800018668175        13.5805097609097     
         262   47.1600018739700        14.0777637936807     
         263   47.3400018811226        15.4310194893329     
         264   47.5200018882751        17.0240571074067     
         265   47.7000018954277        17.2892113546050     
         266   47.8800019025803        15.8525751175388     
         267   48.0600019097328        13.5774127794698     
         268   48.2400019168854        12.3713511394744     
         269   48.4200019240379        11.8562016651964     
         270   48.6000019311905        11.0637902357336     
         271   48.7800019383430        10.5425777131635     
         272   48.9600019454956        9.40607034501012     
         273   49.1400019526482        6.06961879906086     
         274   49.3200019598007        4.89971945661872     
         275   49.5000019669533        8.51334221571400     
         276   49.6800019741058        9.52415707943402     
         277   49.8600019812584        7.61605565007956     
         278   50.0400019884109        3.73462846073468     
         279   50.2200019955635        2.64764417053503     
         280   50.4000020027161        5.80936748430610     
         281   50.5800020098686        9.25967447214977     
         282   50.7600020170212        11.3845627023788     
         283   50.9400020241737        11.7247268919790     
         284   51.1200020313263        10.4685683984073     
         285   51.3000020384789        8.69547161935749     
         286   51.4800020456314        8.05348712890757     
         287   51.6600020527840        8.27169573252974     
         288   51.8400020599365        8.73535472906226     
         289   52.0200020670891        9.14322607771168     
         290   52.2000020742416        8.60940124022559     
         291   52.3800020813942        6.69148517586903     
         292   52.5600020885468        4.70361800578794     
         293   52.7400020956993        4.46431235132103     
         294   52.9200021028519        3.98317539606978     
         295   53.1000021100044        2.63328686162638     
         296   53.2800021171570        2.38720606384795     
         297   53.4600021243095        2.17751385585840     
         298   53.6400021314621      -0.464504242343609     
         299   53.8200021386147       -5.11025294954244     
         300   54.0000021457672       -5.00744743492371     
         301   54.1800021529198       -4.63715336293695     
         302   54.3600021600723       -1.57582717707286     
         303   54.5400021672249        2.68640672443128     
         304   54.7200021743774        4.24102562588932     
         305   54.9000021815300        3.06579795726485     
         306   55.0800021886826      -0.266663882958849     
         307   55.2600021958351       -2.47500347011551     
         308   55.4400022029877       -1.31262431891982     
         309   55.6200022101402       0.879468208185191     
         310   55.8000022172928        2.94432518410498     
         311   55.9800022244453        3.38032219433673     
         312   56.1600022315979        1.40182874628460     
         313   56.3400022387505       -2.79830652362813     
         314   56.5200022459030       -4.39421051390736     
         315   56.7000022530556       -3.79345186254692     
         316   56.8800022602081       -3.90586376320952     
         317   57.0600022673607       -1.77150699722359     
         318   57.2400022745132      -0.350474074494385     
         319   57.4200022816658       -1.81385235286306     
         320   57.6000022888184       -5.91115142187809     
         321   57.7800022959709       -5.34960548826996     
         322   57.9600023031235       -2.01267897103801     
         323   58.1400023102760       0.344399910179789     
         324   58.3200023174286        2.19256548600935     
         325   58.5000023245811        2.95673254280389     
         326   58.6800023317337        2.81641022024761     
         327   58.8600023388863        3.58194483166636     
         328   59.0400023460388        5.45010561058717     
         329   59.2200023531914        6.60496002220108     
         330   59.4000023603439        6.46622382500140     
         331   59.5800023674965        5.24676716289844     
         332   59.7600023746490        3.56135819332618     
         333   59.9400023818016        2.72468183547268     
         334   60.1200023889542        3.47932097747832     
         335   60.3000023961067        4.09872932283389     
         336   60.4800024032593        2.87870375214883     
         337   60.6600024104118       -1.56779326917850     
         338   60.8400024175644       -5.58680304533734     
         339   61.0200024247169       0.359695317389144     
         340   61.2000024318695        3.00237167554524     
         341   61.3800024390221        3.34861010313096     
         342   61.5600024461746        3.19630642578557     
         343   61.7400024533272        4.40849859747198     
         344   61.9200024604797        6.56633769481265     
         345   62.1000024676323        8.27228688577611     
         346   62.2800024747849        9.02682355808346     
         347   62.4600024819374        8.95556355636350     
         348   62.6400024890900        8.73074796013785     
         349   62.8200024962425        9.08840431838496     
         350   63.0000025033951        9.73498543542039     
         351   63.1800025105476        9.96127747646970     
         352   63.3600025177002        9.55253954331978     
         353   63.5400025248528        8.76971991352404     
         354   63.7200025320053        8.26357659926964     
         355   63.9000025391579        8.59525639597918     
         356   64.0800025463104        9.36925297736246     
         357   64.2600025534630        9.79798960141085     
         358   64.4400025606155        9.54627263090954     
         359   64.6200025677681        8.77979423444699     
         360   64.8000025749207        8.08425522381497     
         361   64.9800025820732        8.16190192326897     
         362   65.1600025892258        9.09992053889241     
         363   65.3400025963783        10.2721134955146     
         364   65.5200026035309        11.0707505727097     
         365   65.7000026106834        11.2680035604031     
         366   65.8800026178360        11.0003810989686     
         367   66.0600026249886        10.7084434718564     
         368   66.2400026321411        10.8806180379678     
         369   66.4200026392937        11.5616816531467     
         370   66.6000026464462        12.3459740634524     
         371   66.7800026535988        12.8458227974860     
         372   66.9600026607513        12.9362964872206     
         373   67.1400026679039        12.7810391621694     
         374   67.3200026750565        12.7357254816458     
         375   67.5000026822090        13.0398531629070     
         376   67.6800026893616        13.5847979415650     
         377   67.8600026965141        14.1039610101642     
         378   68.0400027036667        14.4214037523693     
         379   68.2200027108192        14.5316846773504     
         380   68.4000027179718        14.5941904825642     
         381   68.5800027251244        14.8126439488665     
         382   68.7600027322769        15.2402914580870     
         383   68.9400027394295        15.7691621044397     
         384   69.1200027465820        16.2863086627045     
         385   69.3000027537346        16.7464344901626     
         386   69.4800027608871        17.1637656829665     
         387   69.6600027680397        17.6003250933404     
         388   69.8400027751923        18.1214394480730     
         389   70.0200027823448        18.7231829107341     
         390   70.2000027894974        19.3232452777525     
         391   70.3800027966499        19.8243878095676     
         392   70.5600028038025        20.1680996019016     
         393   70.7400028109550        20.3512759132227     
         394   70.9200028181076        20.4203486713584     
         395   71.1000028252602        20.4381849943526     
         396   71.2800028324127        20.4306883701369     
         397   71.4600028395653        20.3645742486615     
         398   71.6400028467178        20.1834666557846     
         399   71.8200028538704        19.8564988326283     
         400   72.0000028610229        19.3989749176390     
         401   72.1800028681755        18.8713237299413     
         402   72.3600028753281        18.3577066758719     
         403   72.5400028824806        17.9066381859163     
         404   72.7200028896332        17.4727606487488     
         405   72.9000028967857        16.9478370432132     
         406   73.0800029039383        16.2692501727389     
         407   73.2600029110909        15.5226775478528     
         408   73.4400029182434        14.9829976106842     
         409   73.6200029253960        14.9638249923401     
         410   73.8000029325485        15.4773200089383     
         411   73.9800029397011        16.2269974373074     
         412   74.1600029468536        16.9646081004474     
         413   74.3400029540062        17.6533473271558     
         414   74.5200029611588        18.3882300134516     
         415   74.7000029683113        19.2423087847641     
         416   74.8800029754639        20.1680120550146     
         417   75.0600029826164        21.0320285535307     
         418   75.2400029897690        21.7135064435028     
         419   75.4200029969215        22.1637950630337     
         420   75.6000030040741        22.4136998497940     
         421   75.7800030112267        22.5462123644295     
         422   75.9600030183792        22.6450927738688     
         423   76.1400030255318        22.7455671170529     
         424   76.3200030326843        22.8262938015903     
         425   76.5000030398369        22.8439592937551     
         426   76.6800030469894        22.7736032907145     
         427   76.8600030541420        22.6292856294557     
         428   77.0400030612946        22.4589155097994     
         429   77.2200030684471        22.3126762138531     
         430   77.4000030755997        22.2036446982374     
         431   77.5800030827522        22.0990132976191     
         432   77.7600030899048        21.9523048251382     
         433   77.9400030970573        21.7434870880180     
         434   78.1200031042099        21.4978994033519     
         435   78.3000031113625        21.2780093643866     
         436   78.4800031185150        21.1490475419205     
         437   78.6600031256676        21.1332560344202     
         438   78.8400031328201        21.1906699932874     
         439   79.0200031399727        21.2462444102468     
         440   79.2000031471252        21.2353905802429     
         441   79.3800031542778        21.1352627549100     
         442   79.5600031614304        20.9731540572789     
         443   79.7400031685829        20.8088190200410     
         444   79.9200031757355        20.6915456758355     
         445   80.1000031828880        20.6225105942591     
         446   80.2800031900406        20.5641066660602     
         447   80.4600031971931        20.4869056880020     
         448   80.6400032043457        20.4060599102107     
         449   80.8200032114983        20.3798620547590     
         450   81.0000032186508        20.4702592778014     
         451   81.1800032258034        20.6876432739994     
         452   81.3600032329559        20.9711565299784     
         453   81.5400032401085        21.2318945822292     
         454   81.7200032472610        21.4164192915808     
         455   81.9000032544136        21.5384836211911     
         456   82.0800032615662        21.6674129265772     
         457   82.2600032687187        21.8843234367313     
         458   82.4400032758713        22.2288038325007     
         459   82.6200032830238        22.6705067537204     
         460   82.8000032901764        23.1264853590127     
         461   82.9800032973289        23.5068163977858     
         462   83.1600033044815        23.7543662380745     
         463   83.3400033116341        23.8616901940255     
         464   83.5200033187866        23.8662460821541     
         465   83.7000033259392        23.8290595980166     
         466   83.8800033330917        23.8031257584675     
         467   84.0600033402443        23.8049940582138     
         468   84.2400033473969        23.8070300237730     
         469   84.4200033545494        23.7557807982703     
         470   84.6000033617020        23.6034098028358     
         471   84.7800033688545        23.3345998422531     
         472   84.9600033760071        22.9788693675602     
         473   85.1400033831596        22.6036898825567     
         474   85.3200033903122        22.2870960688359     
         475   85.5000033974648        22.0804852888994     
         476   85.6800034046173        21.9869786032526     
         477   85.8600034117699        21.9721002797840     
         478   86.0400034189224        21.9954334750034     
         479   86.2200034260750        22.0395040764240     
         480   86.4000034332275        22.1200333800174     
         481   86.5800034403801        22.2728999693705     
         482   86.7600034475327        22.5265771546096     
         483   86.9400034546852        22.8814331835020     
         484   87.1200034618378        23.3105362123464     
         485   87.3000034689903        23.7745247327393     
         486   87.4800034761429        24.2361875083527     
         487   87.6600034832954        24.6698569892798     
         488   87.8400034904480        25.0654287755895     
         489   88.0200034976006        25.4257329930458     
         490   88.2000035047531        25.7584280520419     
         491   88.3800035119057        26.0681707254401     
         492   88.5600035190582        26.3541511960875     
         493   88.7400035262108        26.6121729251041     
         494   88.9200035333633        26.8372258453074     
         495   89.1000035405159        27.0250012498859     
         496   89.2800035476685        27.1733090564818     
         497   89.4600035548210        27.2831878941377     
         498   89.6400035619736        27.3581625523240     
         499   89.8200035691261        27.4018487276445     
         500   90.0000035762787        27.4162435497851     
         501   90.1800035834312        27.4018613944259     
         502   90.3600035905838        27.3582018350703     
         503   90.5400035977364        27.2832787053421     
         504   90.7200036048889        27.1734835152727     
         505   90.9000036120415        27.0252946968237     
         506   91.0800036191940        26.8376700719629     
         507   91.2600036263466        26.6127849967628     
         508   91.4400036334991        26.3549211733885     
         509   91.6200036406517        26.0690543942446     
         510   91.8000036478043        25.7593481833396     
         511   91.9800036549568        25.4265887206247     
         512   92.1600036621094        25.0661113798473     
         513   92.3400036692619        24.6702703026351     
         514   92.5200036764145        24.2362701282820     
         515   92.7000036835670        23.7742688225498     
         516   92.8800036907196        23.3099943173121     
         517   93.0600036978722        22.8807045011233     
         518   93.2400037050247        22.5257735149384     
         519   93.4200037121773        22.2721054667926     
         520   93.6000037193298        22.1192780264249     
         521   93.7800037264824        22.0387625340159     
         522   93.9600037336349        21.9946416119036     
         523   94.1400037407875        21.9711759634902     
         524   94.3200037479401        21.9858435728560     
         525   94.5000037550926        22.0790917677025     
         526   94.6800037622452        22.2854510598379     
         527   94.8600037693977        22.6018566735200     
         528   95.0400037765503        22.9769401074029     
         529   95.2200037837029        23.3326646400220     
         530   95.4000037908554        23.6015481809052     
         531   95.5800037980080        23.7540735700641     
         532   95.7600038051605        23.8055732270067     
         533   95.9400038123131        23.8038979242890     
         534   96.1200038194656        23.8024917660344     
         535   96.3000038266182        23.8289464151545     
         536   96.4800038337708        23.8666490797654     
         537   96.6600038409233        23.8625482781197     
         538   96.8400038480759        23.7555837950731     
         539   97.0200038552284        23.5082795234181     
         540   97.2000038623810        23.1280640136910     
         541   97.3800038695335        22.6720497711625     
         542   97.5600038766861        22.2301418035667     
         543   97.7400038838387        21.8852895393146     
         544   97.9200038909912        21.6678712601767     
         545   98.1000038981438        21.5383415556760     
         546   98.2800039052963        21.4156197621382     
         547   98.4600039124489        21.2304114723890     
         548   98.6400039196014        20.9690171282366     
         549   98.8200039267540        20.6849748848710     
         550   99.0000039339066        20.4673115002255     
         551   99.1800039410591        20.3769459285557     
         552   99.3600039482117        20.4034385317373     
         553   99.5400039553642        20.4847385340857     
         554   99.7200039625168        20.5624579843783     
         555   99.9000039696693        20.6213571087350     
         556   100.080003976822        20.6907624816934     
         557   100.260003983974        20.8081830349534     
         558   100.440003991127        20.9723985200791     
         559   100.620003998280        21.1341480547250     
         560   100.800004005432        21.2337381499325     
         561   100.980004012585        21.2439414767041     
         562   101.160004019737        21.1876842563104     
         563   101.340004026890        21.1296728571788     
         564   101.520004034042        21.1450973141085     
         565   101.700004041195        21.2740280954267     
         566   101.880004048347        21.4942213609014     
         567   102.060004055500        21.7403556498403     
         568   102.240004062653        21.9498611695162     
         569   102.420004069805        22.0973316081525     
         570   102.600004076958        22.2027562655157     
         571   102.780004084110        22.3125581733397     
         572   102.960004091263        22.4594711994341     
         573   103.140004098415        22.6303621677428     
         574   103.320004105568        22.7750377215702     
         575   103.500004112720        22.8456004289576     
         576   103.680004119873        22.8279852224186     
         577   103.860004127026        22.7471268552055     
         578   104.040004134178        22.6463298339954     
         579   104.220004141331        22.5469831508048     
         580   104.400004148483        22.4139543425066     
         581   104.580004155636        22.1635658338550     
         582   104.760004162788        21.7128643909786     
         583   104.940004169941        21.0310597787399     
         584   105.120004177094        20.1668362467734     
         585   105.300004184246        19.2411126430484     
         586   105.480004191399        18.3872421256635     
         587   105.660004198551        17.6527168851656     
         588   105.840004205704        16.9643150073888     
         589   106.020004212856        16.2269062298517     
         590   106.200004220009        15.4772717983846     
         591   106.380004227161        14.9636366704108     
         592   106.560004234314        14.9824371362783     
         593   106.740004241467        15.5215979906143     
         594   106.920004248619        16.2676912244203     
         595   107.100004255772        16.9459186281829     
         596   107.280004262924        17.4705649322036     
         597   107.460004270077        17.9041852290203     
         598   107.640004277229        18.3550068431973     
         599   107.820004284382        18.8684527981543     
         600   108.000004291534        19.3961016431213     
         601   108.180004298687        19.8538428757970     
         602   108.360004305840        20.1812183432733     
         603   108.540004312992        20.3628225623752     
         604   108.720004320145        20.4293987208546     
         605   108.900004327297        20.4372364782169     
         606   109.080004334450        20.4195961037534     
         607   109.260004341602        20.3505838464703     
         608   109.440004348755        20.1673398187724     
         609   109.620004355907        19.8234426675627     
         610   109.800004363060        19.3220391049232     
         611   109.980004370213        18.7217204282910     
         612   110.160004377365        18.1198269831520     
         613   110.340004384518        17.5987641665599     
         614   110.520004391670        17.1624996876225     
         615   110.700004398823        16.7456391458499     
         616   110.880004405975        16.2859710385867     
         617   111.060004413128        15.7690484360172     
         618   111.240004420280        15.2400872177718     
         619   111.420004427433        14.8121755374327     
         620   111.600004434586        14.5934655525736     
         621   111.780004441738        14.5306803823083     
         622   111.960004448891        14.4199716314494     
         623   112.140004456043        14.1020249460116     
         624   112.320004463196        13.5826223012509     
         625   112.500004470348        13.0381160883448     
         626   112.680004477501        12.7351100364905     
         627   112.860004484653        12.7816096125359     
         628   113.040004491806        12.9376465804009     
         629   113.220004498959        12.8476252272958     
         630   113.400004506111        12.3480191065353     
         631   113.580004513264        11.5636142354972     
         632   113.760004520416        10.8818029223739     
         633   113.940004527569        10.7083117238560     
         634   114.120004534721        10.9989105733275     
         635   114.300004541874        11.2655506396695     
         636   114.480004549026        11.0677605924037     
         637   114.660004556179        10.2691306252047     
         638   114.840004563332        9.09762770856336     
         639   115.020004570484        8.16090437574283     
         640   115.200004577637        8.08474588224344     
         641   115.380004584789        8.78150667773779     
         642   115.560004591942        9.54866902815926     
         643   115.740004599094        9.80066401554634     
         644   115.920004606247        9.37222290901538     
         645   116.100004613400        8.59901550990125     
         646   116.280004620552        8.26854211958576     
         647   116.460004627705        8.77542985459323     
         648   116.640004634857        9.55838928920927     
         649   116.820004642010        9.96707560790099     
         650   117.000004649162        9.74075156619461     
         651   117.180004656315        9.09419806188924     
         652   117.360004663467        8.73632414981959     
         653   117.540004670620        8.96020072062777     
         654   117.720004677773        9.02983269673879     
         655   117.900004684925        8.27301754837045     
         656   118.080004692078        6.56414100209418     
         657   118.260004699230        4.40391685611589     
         658   118.440004706383        3.19323401034091     
         659   118.620004713535        3.34939763254325     
         660   118.800004720688        3.00648688932094     
         661   118.980004727840       0.369833725529643     
         662   119.160004734993       -5.55659028267581     
         663   119.340004742146       -1.56381057581761     
         664   119.520004749298        2.87847949073076     
         665   119.700004756451        4.09873090391084     
         666   119.880004763603        3.47970296754115     
         667   120.060004770756        2.72480333601344     
         668   120.240004777908        3.56062090112643     
         669   120.420004785061        5.24481439515521     
         670   120.600004792213        6.46261998994029     
         671   120.780004799366        6.59941687002500     
         672   120.960004806519        5.44285572749801     
         673   121.140004813671        3.57662766607453     
         674   121.320004820824        2.82031748799585     
         675   121.500004827976        2.96725092261078     
         676   121.680004835129        2.20486891186881     
         677   121.860004842281       0.353388715199597     
         678   122.040004849434       -2.01308775368032     
         679   122.220004856586       -5.34953797861625     
         680   122.400004863739       -5.86751410784579     
         681   122.580004870892       -1.77763445831896     
         682   122.760004878044      -0.322643855281383     
         683   122.940004885197       -1.75123808115699     
         684   123.120004892349       -3.91022803549271     
         685   123.300004899502       -3.81055064720388     
         686   123.480004906654       -4.40598705146271     
         687   123.660004913807       -2.81025087887106     
         688   123.840004920959        1.38997699230262     
         689   124.020004928112        3.37048297756360     
         690   124.200004935265        2.93856873536919     
         691   124.380004942417       0.883967304544106     
         692   124.560004949570       -1.29411067498665     
         693   124.740004956722       -2.45756178074702     
         694   124.920004963875      -0.263416984102185     
         695   125.100004971027        3.06642170023589     
         696   125.280004978180        4.24236113703320     
         697   125.460004985332        2.68811030792510     
         698   125.640004992485       -1.58071135565764     
         699   125.820004999638       -4.66962928825078     
         700   126.000005006790       -5.05044396754896     
         701   126.180005013943       -5.15378137376270     
         702   126.360005021095      -0.483626829369346     
         703   126.540005028248        2.16590152296722     
         704   126.720005035400        2.38358841937233     
         705   126.900005042553        2.64370906648425     
         706   127.080005049706        3.99924833987677     
         707   127.260005056858        4.48398566364375     
         708   127.440005064011        4.73150232166968     
         709   127.620005071163        6.71923623617126     
         710   127.800005078316        8.63304856232662     
         711   127.980005085468        9.16488726310872     
         712   128.160005092621        8.75489677351848     
         713   128.340005099773        8.28719985265896     
         714   128.520005106926        8.06678104109005     
         715   128.700005114079        8.70919993059952     
         716   128.880005121231        10.4806646099907     
         717   129.060005128384        11.7343051900300     
         718   129.240005135536        11.3918484225849     
         719   129.420005142689        9.26329948423136     
         720   129.600005149841        5.80484135938848     
         721   129.780005156994        2.63769040895538     
         722   129.960005164146        3.73851535407328     
         723   130.140005171299        7.62189354246807     
         724   130.320005178452        9.52890068803222     
         725   130.500005185604        8.51899567327771     
         726   130.680005192757        4.91002309301123     
         727   130.860005199909        6.07418325855201     
         728   131.040005207062        9.40608417298956     
         729   131.220005214214        10.5405517384562     
         730   131.400005221367        11.0600053202782     
         731   131.580005228519        11.8517894922444     
         732   131.760005235672        12.3670680266940     
         733   131.940005242825        13.5741880275912     
         734   132.120005249977        15.8506348062560     
         735   132.300005257130        17.2879634273526     
         736   132.480005264282        17.0233593749380     
         737   132.660005271435        15.4311466472625     
         738   132.840005278587        14.0785629504336     
         739   133.020005285740        13.5813132651753     
         740   133.200005292892        13.9119512632836     
         741   133.380005300045        16.2689942236839     
         742   133.560005307198        17.8902111297737     
         743   133.740005314350        16.3819849711861     
         744   133.920005321503        11.6053813074872     
         745   134.100005328655        17.7304706209750     
         746   134.280005335808        21.9408646505250     
         747   134.460005342960        21.9143305343183     
         748   134.640005350113        15.8001661240901     
         749   134.820005357265        16.0504052292864     
         750   135.000005364418        25.1486117470570     
         751   135.180005371571        28.3145671843838     
         752   135.360005378723        28.6289577360282     
         753   135.540005385876        26.5021523839321     
         754   135.720005393028        21.2726262966850     
         755   135.900005400181        10.4147203448862     
         756   136.080005407333        12.8297662697055     
         757   136.260005414486        14.3540280831642     
         758   136.440005421638        11.9980255302821     
         759   136.620005428791        11.9940880586633     
         760   136.800005435944        13.1350245752794     
         761   136.980005443096        12.8288382251173     
         762   137.160005450249        14.2171467170465     
         763   137.340005457401        16.4886263484447     
         764   137.520005464554        17.2015159451628     
         765   137.700005471706        16.4736756899673     
         766   137.880005478859        15.6070577858554     
         767   138.060005486012        15.5071089704757     
         768   138.240005493164        15.4832741436367     
         769   138.420005500317        15.3689553455323     
         770   138.600005507469        15.5119883070955     
         771   138.780005514622        15.4889798025356     
         772   138.960005521774        14.9760092623985     
         773   139.140005528927        14.5925168733133     
         774   139.320005536079        14.6889930707605     
         775   139.500005543232        14.4059701917195     
         776   139.680005550385        13.1349931399600     
         777   139.860005557537        11.2196563240555     
         778   140.040005564690        9.54461880458290     
         779   140.220005571842        8.37680567977075     
         780   140.400005578995        8.07655520939818     
         781   140.580005586147        8.66511803673486     
         782   140.760005593300        8.29907213535211     
         783   140.940005600452        5.07737786184168     
         784   141.120005607605       -6.56566537923049     
         785   141.300005614758       -1.35444284045300     
         786   141.480005621910        4.34783757495656     
         787   141.660005629063        5.16644450888344     
         788   141.840005636215        4.41390394651437     
         789   142.020005643368        4.62623237060620     
         790   142.200005650520        7.12777583780615     
         791   142.380005657673        10.4933666712474     
         792   142.560005664825        13.1837436416497     
         793   142.740005671978        14.7214197187721     
         794   142.920005679131        15.1742032709397     
         795   143.100005686283        14.8763064700817     
         796   143.280005693436        14.3927272880966     
         797   143.460005700588        14.3412218933993     
         798   143.640005707741        14.9384036355004     
         799   143.820005714893        15.8354075957691     
         800   144.000005722046        16.5109266990745     
         801   144.180005729198        16.6428873563387     
         802   144.360005736351        16.2010661505585     
         803   144.540005743504        15.4201134999001     
         804   144.720005750656        14.6714310804859     
         805   144.900005757809        14.1965469062952     
         806   145.080005764961        13.9777163004997     
         807   145.260005772114        13.8335856015088     
         808   145.440005779266        13.5308631762330     
         809   145.620005786419        12.9877448774942     
         810   145.800005793571        12.4722821247917     
         811   145.980005800724        12.3378050475320     
         812   146.160005807877        12.4173977317852     
         813   146.340005815029        12.2673236464124     
         814   146.520005822182        11.7833400271041     
         815   146.700005829334        11.3162274656160     
         816   146.880005836487        11.4307042801822     
         817   147.060005843639        12.3381806213133     
         818   147.240005850792        13.6142177999517     
         819   147.420005857944        14.6947211277711     
         820   147.600005865097        15.2935548124723     
         821   147.780005872250        15.4224092070385     
         822   147.960005879402        15.3009518856115     
         823   148.140005886555        15.2194765827161     
         824   148.320005893707        15.3548532642818     
         825   148.500005900860        15.6918803512801     
         826   148.680005908012        16.0928718178359     
         827   148.860005915165        16.3991947729287     
         828   149.040005922318        16.5269404806607     
         829   149.220005929470        16.5164765884220     
         830   149.400005936623        16.4745088814247     
         831   149.580005943775        16.4473344252257     
         832   149.760005950928        16.3878309250388     
         833   149.940005958080        16.2554059334109     
         834   150.120005965233        16.0912171528226     
         835   150.300005972385        15.9969453265095     
         836   150.480005979538        16.0735638192000     
         837   150.660005986691        16.3498983142925     
         838   150.840005993843        16.7249094065054     
         839   151.020006000996        17.0149153286917     
         840   151.200006008148        17.0847043885384     
         841   151.380006015301        16.9348750608222     
         842   151.560006022453        16.7054480661264     
         843   151.740006029606        16.6035326163942     
         844   151.920006036758        16.7674324333838     
         845   152.100006043911        17.1619244343561     
         846   152.280006051064        17.6162516704760     
         847   152.460006058216        17.9537239460117     
         848   152.640006065369        18.0868066697694     
         849   152.820006072521        18.0397490612998     
         850   153.000006079674        17.9159899211288     
         851   153.180006086826        17.8298579597929     
         852   153.360006093979        17.8430234208929     
         853   153.540006101131        17.9496683970902     
         854   153.720006108284        18.1017155827447     
         855   153.900006115437        18.2439707981050     
         856   154.080006122589        18.3474578096117     
         857   154.260006129742        18.4216241019584     
         858   154.440006136894        18.4882527026247     
         859   154.620006144047        18.5440358666514     
         860   154.800006151199        18.5618694751888     
         861   154.980006158352        18.5299391939148     
         862   155.160006165504        18.4793309424585     
         863   155.340006172657        18.4728242422990     
         864   155.520006179810        18.5678228975442     
         865   155.700006186962        18.7783333473177     
         866   155.880006194115        19.0572684309571     
         867   156.060006201267        19.3154490680304     
         868   156.240006208420        19.4698664661684     
         869   156.420006215572        19.4882149531751     
         870   156.600006222725        19.4054399138940     
         871   156.780006229877        19.3079624770705     
         872   156.960006237030        19.2898699767321     
         873   157.140006244183        19.3989594167529     
         874   157.320006251335        19.6084399359357     
         875   157.500006258488        19.8372064908481     
         876   157.680006265640        19.9996269079688     
         877   157.860006272793        20.0480752190599     
         878   158.040006279945        19.9895892968181     
         879   158.220006287098        19.8767104901431     
         880   158.400006294250        19.7794470235500     
         881   158.580006301403        19.7516045712593     
         882   158.760006308556        19.8091080210457     
         883   158.940006315708        19.9299280858628     
         884   159.120006322861        20.0718446065319     
         885   159.300006330013        20.1968926057313     
         886   159.480006337166        20.2887777205334     
         887   159.660006344318        20.3534208302060     
         888   159.840006351471        20.4052311405224     
         889   160.020006358624        20.4537153688177     
         890   160.200006365776        20.5024838894465     
         891   160.380006372929        20.5565829088832     
         892   160.560006380081        20.6255092407297     
         893   160.740006387234        20.7180674454617     
         894   160.920006394386        20.8356307283247     
         895   161.100006401539        20.9690140457663     
         896   161.280006408691        21.0985987250460     
         897   161.460006415844        21.1980487167750     
         898   161.640006422997        21.2437105291600     
         899   161.820006430149        21.2273822821457     
         900   162.000006437302        21.1649759448890     
         901   162.180006444454        21.0943373145370     
         902   162.360006451607        21.0609732392070     
         903   162.540006458759        21.0974067630464     
         904   162.720006465912        21.2070494692516     
         905   162.900006473064        21.3622268115032     
         906   163.080006480217        21.5174990129084     
         907   163.260006487370        21.6302904602497     
         908   163.440006494522        21.6783910958941     
         909   163.620006501675        21.6678676707397     
         910   163.800006508827        21.6297127826588     
         911   163.980006515980        21.6065126231974     
         912   164.160006523132        21.6334497914670     
         913   164.340006530285        21.7218430375823     
         914   164.520006537437        21.8541174524325     
         915   164.700006544590        21.9929326742714     
         916   164.880006551743        22.0984299468109     
         917   165.060006558895        22.1442281338064     
         918   165.240006566048        22.1260902882091     
         919   165.420006573200        22.0619020341342     
         920   165.600006580353        21.9843644838816     
         921   165.780006587505        21.9292132367735     
         922   165.960006594658        21.9229278985993     
         923   166.140006601810        21.9743399787664     
         924   166.320006608963        22.0733496835038     
         925   166.500006616116        22.1969944925384     
         926   166.680006623268        22.3195316088241     
         927   166.860006630421        22.4214248770090     
         928   167.040006637573        22.4936701129915     
         929   167.220006644726        22.5372699519943     
         930   167.400006651878        22.5600866358748     
         931   167.580006659031        22.5733602575175     
         932   167.760006666183        22.5886394732380     
         933   167.940006673336        22.6147943894778     
         934   168.120006680489        22.6554278780251     
         935   168.300006687641        22.7081278165846     
         936   168.480006694794        22.7664051857883     
         937   168.660006701946        22.8230801824887     
         938   168.840006709099        22.8729004425275     
         939   169.020006716251        22.9134584246187     
         940   169.200006723404        22.9452559669302     
         941   169.380006730556        22.9719549297669     
         942   169.560006737709        23.0005340003982     
         943   169.740006744862        23.0400770608877     
         944   169.920006752014        23.0986105197289     
         945   170.100006759167        23.1792102571484     
         946   170.280006766319        23.2776305567217     
         947   170.460006773472        23.3828454974880     
         948   170.640006780624        23.4800873554128     
         949   170.820006787777        23.5549659953974     
         950   171.000006794930        23.5974529819571     
         951   171.180006802082        23.6049942076666     
         952   171.360006809235        23.5841126397500     
         953   171.540006816387        23.5497780415035     
         954   171.720006823540        23.5220820574368     
         955   171.900006830692        23.5206501962250     
         956   172.080006837845        23.5584662175183     
         957   172.260006844997        23.6375068248075     
         958   172.440006852150        23.7479960528540     
         959   172.620006859303        23.8714432004924     
         960   172.800006866455        23.9860903360920     
         961   172.980006873608        24.0728281062788     
         962   173.160006880760        24.1199623947445     
         963   173.340006887913        24.1258657961990     
         964   173.520006895065        24.0991049503569     
         965   173.700006902218        24.0560437874404     
         966   173.880006909370        24.0163832954513     
         967   174.060006916523        23.9977331310551     
         968   174.240006923676        24.0108545110660     
         969   174.420006930828        24.0571400982641     
         970   174.600006937981        24.1290250538397     
         971   174.780006945133        24.2128653108808     
         972   174.960006952286        24.2930798704615     
         973   175.140006959438        24.3562647244949     
         974   175.320006966591        24.3943011800410     
         975   175.500006973743        24.4058881192904     
         976   175.680006980896        24.3962852827038     
         977   175.860006988049        24.3753904719468     
         978   176.040006995201        24.3546659602914     
         979   176.220007002354        24.3438339768527     
         980   176.400007009506        24.3484247081700     
         981   176.580007016659        24.3689240937290     
         982   176.760007023811        24.4015357507942     
         983   176.940007030964        24.4399297936713     
         984   177.120007038116        24.4772002348927     
         985   177.300007045269        24.5075201086964     
         986   177.480007052422        24.5273026711190     
         987   177.660007059574        24.5358037057425     
         988   177.840007066727        24.5350756257892     
         989   178.020007073879        24.5292008246132     
         990   178.200007081032        24.5229229103162     
         991   178.380007088184        24.5201033851602     
         992   178.560007095337        24.5226205403256     
         993   178.740007102489        24.5301645484315     
         994   178.920007109642        24.5408995075958     
         995   179.100007116795        24.5524986222234     
         996   179.280007123947        24.5629627351426     
         997   179.460007131100        24.5709358867910     
         998   179.640007138252        24.5756441698085     
         999   179.820007145405        24.5767767658057     
        1000   180.000007152557        24.5744998386836     
