           0  0.000000000000000E+000   24.5740600943989     
           1  0.180000007152557        24.5763667131404     
           2  0.360000014305115        24.5752904631748     
           3  0.540000021457672        24.5706488296744     
           4  0.720000028610229        24.5627362283589     
           5  0.900000035762787        24.5523124825985     
           6   1.08000004291534        24.5407240093020     
           7   1.26000005006790        24.5299667362177     
           8   1.44000005722046        24.5223713214321     
           9   1.62000006437302        24.5197838784177     
          10   1.80000007152557        24.5225283941576     
          11   1.98000007867813        24.5287411940264     
          12   2.16000008583069        24.5345724371115     
          13   2.34000009298325        24.5352850280627     
          14   2.52000010013580        24.5267974114351     
          15   2.70000010728836        24.5070531410904     
          16   2.88000011444092        24.4767889930887     
          17   3.06000012159348        24.4395824562098     
          18   3.24000012874603        24.4012509129747     
          19   3.42000013589859        24.3686917792755     
          20   3.60000014305115        24.3482285648176     
          21   3.78000015020370        24.3436543984614     
          22   3.96000015735626        24.3544836393875     
          23   4.14000016450882        24.3751896234082     
          24   4.32000017166138        24.3960557435239     
          25   4.50000017881393        24.4056258724277     
          26   4.68000018596649        24.3940074048882     
          27   4.86000019311905        24.3559439002128     
          28   5.04000020027161        24.2927375746564     
          29   5.22000020742416        24.2125062551289     
          30   5.40000021457672        24.1286517561940     
          31   5.58000022172928        24.0567524921919     
          32   5.76000022888184        24.0104506815289     
          33   5.94000023603439        23.9973111470360     
          34   6.12000024318695        24.0159437412431     
          35   6.30000025033951        24.0555922389317     
          36   6.48000025749207        24.0986535813493     
          37   6.66000026464462        24.1254336397071     
          38   6.84000027179718        24.1195742656346     
          39   7.02000027894974        24.0725124527352     
          40   7.20000028610229        23.9858762475898     
          41   7.38000029325485        23.8713566781319     
          42   7.56000030040741        23.7480557094078     
          43   7.74000030755997        23.6377195478768     
          44   7.92000031471252        23.5588238998019     
          45   8.10000032186508        23.5211290110777     
          46   8.28000032901764        23.5226453073018     
          47   8.46000033617020        23.5503821027956     
          48   8.64000034332275        23.5847138773924     
          49   8.82000035047531        23.6055543787081     
          50   9.00000035762787        23.5979419008571     
          51   9.18000036478043        23.5553619425345     
          52   9.36000037193298        23.4803766382410     
          53   9.54000037908554        23.3830223650562     
          54   9.72000038623810        23.2776976733817     
          55   9.90000039339066        23.1791788575014     
          56   10.0800004005432        23.0984990426732     
          57   10.2600004076958        23.0399079525544     
          58   10.4400004148483        23.0003297935268     
          59   10.6200004220009        22.9717351623637     
          60   10.8000004291534        22.9450354769157     
          61   10.9800004363060        22.9132463166005     
          62   11.1600004434586        22.8726990054830     
          63   11.3400004506111        22.8228841104505     
          64   11.5200004577637        22.7662022674153     
          65   11.7000004649162        22.7079018493265     
          66   11.8800004720688        22.6551632489495     
          67   12.0600004792213        22.6144806352166     
          68   12.2400004863739        22.5882740637560     
          69   12.4200004935265        22.5729489299970     
          70   12.6000005006790        22.5596419647307     
          71   12.7800005078316        22.5368093618599     
          72   12.9600005149841        22.4932141002245     
          73   13.1400005221367        22.4209955853095     
          74   13.3200005292892        22.3191515635694     
          75   13.5000005364418        22.1966850839254     
          76   13.6800005435944        22.0731288959149     
          77   13.8600005507469        21.9742192553204     
          78   14.0400005578995        21.9229089216045     
          79   14.2200005650520        21.9292860219267     
          80   14.4000005722046        21.9845078251658     
          81   14.5800005793571        22.0620863705443     
          82   14.7600005865097        22.1262822623296     
          83   14.9400005936623        22.1443957318153     
          84   15.1200006008148        22.0985472271295     
          85   15.3000006079674        21.9929835720627     
          86   15.4800006151199        21.8540983397784     
          87   15.6600006222725        21.7217631799057     
          88   15.8400006294250        21.6333282482454     
          89   16.0200006365776        21.6063710541209     
          90   16.2000006437302        21.6295664341801     
          91   16.3800006508827        21.6677190037617     
          92   16.5600006580353        21.6782293689983     
          93   16.7400006651878        21.6300974450996     
          94   16.9200006723404        21.5172590906787     
          95   17.1000006794930        21.3619390766605     
          96   17.2800006866455        21.2067378486987     
          97   17.4600006937981        21.0971217371785     
          98   17.6400007009506        21.0607803098774     
          99   17.8200007081032        21.0942958419275     
         100   18.0000007152557        21.1651198908973     
         101   18.1800007224083        21.2277118248442     
         102   18.3600007295609        21.2441942542672     
         103   18.5400007367134        21.1986317546592     
         104   18.7200007438660        21.0992148271903     
         105   18.9000007510185        20.9696017914000     
         106   19.0800007581711        20.8361509670422     
         107   19.2600007653236        20.7185147760589     
         108   19.4400007724762        20.6259115257526     
         109   19.6200007796288        20.5569885076978     
         110   19.8000007867813        20.5029409061176     
         111   19.9800007939339        20.4542494467234     
         112   20.1600008010864        20.4058299196103     
         113   20.3400008082390        20.3540338961037     
         114   20.5200008153915        20.2893354546541     
         115   20.7000008225441        20.1973345106702     
         116   20.8800008296967        20.0721415021508     
         117   21.0600008368492        19.9300912238371     
         118   21.2400008440018        19.8091869871636     
         119   21.4200008511543        19.7516742817464     
         120   21.6000008583069        19.7795818972484     
         121   21.7800008654594        19.8769525210971     
         122   21.9600008726120        19.9899283028966     
         123   22.1400008797646        20.0484534179894     
         124   22.3200008869171        19.9999602746042     
         125   22.5000008940697        19.8374090341509     
         126   22.6800009012222        19.6084465301921     
         127   22.8600009083748        19.3987476430510     
         128   23.0400009155273        19.2894733391763     
         129   23.2200009226799        19.3074608854630     
         130   23.4000009298325        19.4049271326294     
         131   23.5800009369850        19.4877637535426     
         132   23.7600009441376        19.4695104616505     
         133   23.9400009512901        19.3151828032169     
         134   24.1200009584427        19.0570592643432     
         135   24.3000009655952        18.7781388881108     
         136   24.4800009727478        18.5676041160003     
         137   24.6600009799004        18.4725470046610     
         138   24.8400009870529        18.4789686473291     
         139   25.0200009942055        18.5294895355877     
         140   25.2000010013580        18.5613668042946     
         141   25.3800010085106        18.5435351611509     
         142   25.5600010156631        18.4877926477230     
         143   25.7400010228157        18.4212033250998     
         144   25.9200010299683        18.3470506273438     
         145   26.1000010371208        18.2435630777031     
         146   26.2800010442734        18.1013183722453     
         147   26.4600010514259        17.9493030772922     
         148   26.6400010585785        17.8427039526515     
         149   26.8200010657310        17.8295805373257     
         150   27.0000010728836        17.9157165425376     
         151   27.1800010800362        18.0393951172666     
         152   27.3600010871887        18.0862642154926     
         153   27.5400010943413        17.9529120959891     
         154   27.7200011014938        17.6151642689193     
         155   27.9000011086464        17.1606669728624     
         156   28.0800011157990        16.7662317212715     
         157   28.2600011229515        16.6026689692481     
         158   28.4400011301041        16.7051095644660     
         159   28.6200011372566        16.9350623353600     
         160   28.8000011444092        17.0852678745557     
         161   28.9800011515617        17.0156397881633     
         162   29.1600011587143        16.7255694348669     
         163   29.3400011658669        16.3503085402372     
         164   29.5200011730194        16.0736583191741     
         165   29.7000011801720        15.9968225774465     
         166   29.8800011873245        16.0910685673146     
         167   30.0600011944771        16.2553869831186     
         168   30.2400012016296        16.3879771664156     
         169   30.4200012087822        16.4475578367793     
         170   30.6000012159348        16.4746644088909     
         171   30.7800012230873        16.5164663733076     
         172   30.9600012302399        16.5267707417210     
         173   31.1400012373924        16.3989395907535     
         174   31.3200012445450        16.0926252770351     
         175   31.5000012516975        15.6917460602882     
         176   31.6800012588501        15.3549217741088     
         177   31.8600012660027        15.2197505325950     
         178   32.0400012731552        15.3012922650420     
         179   32.2200012803078        15.4225987351108     
         180   32.4000012874603        15.2933861649670     
         181   32.5800012946129        14.6939928708273     
         182   32.7600013017654        13.6127042714545     
         183   32.9400013089180        12.3357201490999     
         184   33.1200013160706        11.4274601605790     
         185   33.3000013232231        11.3126974483431     
         186   33.4800013303757        11.7798938057674     
         187   33.6600013375282        12.2640568054827     
         188   33.8400013446808        12.4143318635970     
         189   34.0200013518333        12.3351253923784     
         190   34.2000013589859        12.4704083440315     
         191   34.3800013661385        12.9869048102242     
         192   34.5600013732910        13.5308869616008     
         193   34.7400013804436        13.8341750258649     
         194   34.9200013875961        13.9785112268291     
         195   35.1000013947487        14.1970968699052     
         196   35.2800014019012        14.6713274785240     
         197   35.4600014090538        15.4192258423293     
         198   35.6400014162064        16.1995739929731     
         199   35.8200014233589        16.6410394141331     
         200   36.0000014305115        16.5088895719608     
         201   36.1800014376640        15.8332921558250     
         202   36.3600014448166        14.9363358518700     
         203   36.5400014519691        14.3393445272837     
         204   36.7200014591217        14.3910847730022     
         205   36.9000014662743        14.8747893348703     
         206   37.0800014734268        15.1726498941683     
         207   37.2600014805794        14.7196919703799     
         208   37.4400014877319        13.1817296683898     
         209   37.6200014948845        10.4909830857616     
         210   37.8000015020370        7.12500790488990     
         211   37.9800015091896        4.62340538246651     
         212   38.1600015163422        4.41229734237640     
         213   38.3400015234947        5.16646787428081     
         214   38.5200015306473        4.34887896503682     
         215   38.7000015377998       -1.35156573679119     
         216   38.8800015449524       -6.55619300971144     
         217   39.0600015521049        5.07972544114729     
         218   39.2400015592575        8.30170022768957     
         219   39.4200015664101        8.66917685889984     
         220   39.6000015735626        8.08342693532393     
         221   39.7800015807152        8.38559302633379     
         222   39.9600015878677        9.55258250067790     
         223   40.1400015950203        11.2247577877633     
         224   40.3200016021729        13.1372742914143     
         225   40.5000016093254        14.4067920459473     
         226   40.6800016164780        14.6893514019992     
         227   40.8600016236305        14.5930508811715     
         228   41.0400016307831        14.9769011184430     
         229   41.2200016379356        15.4899224761798     
         230   41.4000016450882        15.5125264574204     
         231   41.5800016522408        15.3685083105277     
         232   41.7600016593933        15.4817254852769     
         233   41.9400016665459        15.5048959636968     
         234   42.1200016736984        15.6046451000778     
         235   42.3000016808510        16.4712879423955     
         236   42.4800016880035        17.1988105923405     
         237   42.6600016951561        16.4849949133236     
         238   42.8400017023087        14.2123351785369     
         239   43.0200017094612        12.8261140899073     
         240   43.2000017166138        13.1352878587327     
         241   43.3800017237663        11.9944216558073     
         242   43.5600017309189        11.9948823852992     
         243   43.7400017380714        14.3497833453952     
         244   43.9200017452240        12.8245608949247     
         245   44.1000017523766        10.4230865265528     
         246   44.2800017595291        21.2757358395346     
         247   44.4600017666817        26.5035899334709     
         248   44.6400017738342        28.6297277647599     
         249   44.8200017809868        28.3149420482414     
         250   45.0000017881393        25.1486440260811     
         251   45.1800017952919        16.0499052498767     
         252   45.3600018024445        15.8011324834451     
         253   45.5400018095970        21.9144779462782     
         254   45.7200018167496        21.9406069214046     
         255   45.9000018239021        17.7294240860640     
         256   46.0800018310547        11.6012457218222     
         257   46.2600018382072        16.3796064498728     
         258   46.4400018453598        17.8873900062758     
         259   46.6200018525124        16.2642832769821     
         260   46.8000018596649        13.9044678905773     
         261   46.9800018668175        13.5730780977861     
         262   47.1600018739700        14.0700023078027     
         263   47.3400018811226        15.4245887549306     
         264   47.5200018882751        17.0193894483345     
         265   47.7000018954277        17.2848807987683     
         266   47.8800019025803        15.8468084064540     
         267   48.0600019097328        13.5683285689414     
         268   48.2400019168854        12.3604887723905     
         269   48.4200019240379        11.8449977950518     
         270   48.6000019311905        11.0502755997179     
         271   48.7800019383430        10.5260030602939     
         272   48.9600019454956        9.38443457554039     
         273   49.1400019526482        6.03506741388174     
         274   49.3200019598007        4.88839947031947     
         275   49.5000019669533        8.52518240425845     
         276   49.6800019741058        9.54215919235041     
         277   49.8600019812584        7.64692810004281     
         278   50.0400019884109        3.81051280221514     
         279   50.2200019955635        2.77631665200263     
         280   50.4000020027161        5.91007679833681     
         281   50.5800020098686        9.32772624924582     
         282   50.7600020170212        11.4369872967930     
         283   50.9400020241737        11.7770177603983     
         284   51.1200020313263        10.5379706836337     
         285   51.3000020384789        8.79972716021677     
         286   51.4800020456314        8.17947117767345     
         287   51.6600020527840        8.39601327869852     
         288   51.8400020599365        8.84318116904253     
         289   52.0200020670891        9.22913345027115     
         290   52.2000020742416        8.68954603208596     
         291   52.3800020813942        6.79873084478959     
         292   52.5600020885468        4.86653277010644     
         293   52.7400020956993        4.63622390575345     
         294   52.9200021028519        4.15286759596754     
         295   53.1000021100044        2.78809334633815     
         296   53.2800021171570        2.44937511938848     
         297   53.4600021243095        2.16794942074910     
         298   53.6400021314621      -0.500479391053794     
         299   53.8200021386147       -5.03818285993587     
         300   54.0000021457672       -4.81904838712719     
         301   54.1800021529198       -4.55490501250450     
         302   54.3600021600723       -1.65200413584895     
         303   54.5400021672249        2.62248820701727     
         304   54.7200021743774        4.19344990189954     
         305   54.9000021815300        3.02216296153525     
         306   55.0800021886826      -0.314100010170652     
         307   55.2600021958351       -2.51069445569533     
         308   55.4400022029877       -1.33025189109671     
         309   55.6200022101402       0.869904645913537     
         310   55.8000022172928        2.93814650738650     
         311   55.9800022244453        3.37377667152762     
         312   56.1600022315979        1.39243870252515     
         313   56.3400022387505       -2.80370999188758     
         314   56.5200022459030       -4.36472705278886     
         315   56.7000022530556       -3.76424176167771     
         316   56.8800022602081       -3.92661518114864     
         317   57.0600022673607       -1.83473937519834     
         318   57.2400022745132      -0.420552690070605     
         319   57.4200022816658       -1.90631599364781     
         320   57.6000022888184       -6.07208949409802     
         321   57.7800022959709       -5.46406625568446     
         322   57.9600023031235       -2.10194226564462     
         323   58.1400023102760       0.252896398868434     
         324   58.3200023174286        2.11096978517376     
         325   58.5000023245811        2.88004364017885     
         326   58.6800023317337        2.73262462985723     
         327   58.8600023388863        3.50335774329294     
         328   59.0400023460388        5.39104509940700     
         329   59.2200023531914        6.55626745674049     
         330   59.4000023603439        6.41926994263821     
         331   59.5800023674965        5.19699842314728     
         332   59.7600023746490        3.50930627502408     
         333   59.9400023818016        2.68185670946047     
         334   60.1200023889542        3.45431250733759     
         335   60.3000023961067        4.08432500699784     
         336   60.4800024032593        2.86999426747078     
         337   60.6600024104118       -1.56357948676733     
         338   60.8400024175644       -5.53619500273161     
         339   61.0200024247169       0.369673620479188     
         340   61.2000024318695        3.00081413117040     
         341   61.3800024390221        3.34002106796799     
         342   61.5600024461746        3.18247469926542     
         343   61.7400024533272        4.39641548552245     
         344   61.9200024604797        6.55891063941996     
         345   62.1000024676323        8.26794264235398     
         346   62.2800024747849        9.02474348387076     
         347   62.4600024819374        8.95624269451098     
         348   62.6400024890900        8.73518673759719     
         349   62.8200024962425        9.09587765468319     
         350   63.0000025033951        9.74381398690758     
         351   63.1800025105476        9.97116610991871     
         352   63.3600025177002        9.56401287174336     
         353   63.5400025248528        8.78297624423537     
         354   63.7200025320053        8.27725579374638     
         355   63.9000025391579        8.60691799709411     
         356   64.0800025463104        9.37829695866417     
         357   64.2600025534630        9.80524756140027     
         358   64.4400025606155        9.55246248287230     
         359   64.6200025677681        8.78519282594428     
         360   64.8000025749207        8.08871238127217     
         361   64.9800025820732        8.16489766230112     
         362   65.1600025892258        9.10082601816651     
         363   65.3400025963783        10.2705752543834     
         364   65.5200026035309        11.0666346496803     
         365   65.7000026106834        11.2612040222649     
         366   65.8800026178360        10.9909862737350     
         367   66.0600026249886        10.6972577122536     
         368   66.2400026321411        10.8691863620821     
         369   66.4200026392937        11.5511230636043     
         370   66.6000026464462        12.3364408692860     
         371   66.7800026535988        12.8370285863965     
         372   66.9600026607513        12.9279351719632     
         373   67.1400026679039        12.7730069290235     
         374   67.3200026750565        12.7282410532090     
         375   67.5000026822090        13.0332984472598     
         376   67.6800026893616        13.5794368498325     
         377   67.8600026965141        14.0998803767721     
         378   68.0400027036667        14.4185366533859     
         379   68.2200027108192        14.5298227711816     
         380   68.4000027179718        14.5929859317108     
         381   68.5800027251244        14.8116028846586     
         382   68.7600027322769        15.2388891356368     
         383   68.9400027394295        15.7670884992644     
         384   69.1200027465820        16.2836235492297     
         385   69.3000027537346        16.7434997644479     
         386   69.4800027608871        17.1610169742863     
         387   69.6600027680397        17.5980760211344     
         388   69.8400027751923        18.1198266743364     
         389   70.0200027823448        18.7221998022558     
         390   70.2000027894974        19.3227831371145     
         391   70.3800027966499        19.8242639985932     
         392   70.5600028038025        20.1680912430082     
         393   70.7400028109550        20.3511623072910     
         394   70.9200028181076        20.4199403835331     
         395   71.1000028252602        20.4373147880760     
         396   71.2800028324127        20.4291649269692     
         397   71.4600028395653        20.3621490579834     
         398   71.6400028467178        20.1798714716139     
         399   71.8200028538704        19.8515449187506     
         400   72.0000028610229        19.3926452284088     
         401   72.1800028681755        18.8637916203634     
         402   72.3600028753281        18.3492642640700     
         403   72.5400028824806        17.8975606895608     
         404   72.7200028896332        17.4631762805335     
         405   72.9000028967857        16.9376822060830     
         406   73.0800029039383        16.2582976713988     
         407   73.2600029110909        15.5106315142765     
         408   73.4400029182434        14.9698320423556     
         409   73.6200029253960        14.9502681262060     
         410   73.8000029325485        15.4644996168261     
         411   73.9800029397011        16.2155567433210     
         412   74.1600029468536        16.9546726012263     
         413   74.3400029540062        17.6449074227252     
         414   74.5200029611588        18.3813076445247     
         415   74.7000029683113        19.2368967384845     
         416   74.8800029754639        20.1639848864248     
         417   75.0600029826164        21.0291617197867     
         418   75.2400029897690        21.7115480600430     
         419   75.4200029969215        22.1625086095665     
         420   75.6000030040741        22.4128736210582     
         421   75.7800030112267        22.5456585511593     
         422   75.9600030183792        22.6446486819130     
         423   76.1400030255318        22.7450972871095     
         424   76.3200030326843        22.8256897092335     
         425   76.5000030398369        22.8431399609024     
         426   76.6800030469894        22.7725193348504     
         427   76.8600030541420        22.6279235215182     
         428   77.0400030612946        22.4572961129772     
         429   77.2200030684471        22.3108399177922     
         430   77.4000030755997        22.2016236467021     
         431   77.5800030827522        22.0968114850336     
         432   77.7600030899048        21.9499062011982     
         433   77.9400030970573        21.7408862190605     
         434   78.1200031042099        21.4951357319292     
         435   78.3000031113625        21.2751858182837     
         436   78.4800031185150        21.1463122560303     
         437   78.6600031256676        21.1307448525328     
         438   78.8400031328201        21.1884549986606     
         439   79.0200031399727        21.2443355867630     
         440   79.2000031471252        21.2337772196860     
         441   79.3800031542778        21.1339505546020     
         442   79.5600031614304        20.9721715729855     
         443   79.7400031685829        20.8081923560220     
         444   79.9200031757355        20.6912661434227     
         445   80.1000031828880        20.6225324489448     
         446   80.2800031900406        20.5643774031795     
         447   80.4600031971931        20.4873936654691     
         448   80.6400032043457        20.4067611795146     
         449   80.8200032114983        20.3807950271373     
         450   81.0000032186508        20.4714520346236     
         451   81.1800032258034        20.6891115076402     
         452   81.3600032329559        20.9728840885506     
         453   81.5400032401085        21.2338315727401     
         454   81.7200032472610        21.4184914108627     
         455   81.9000032544136        21.5406009617016     
         456   82.0800032615662        21.6694797548306     
         457   82.2600032687187        21.8862558364900     
         458   82.4400032758713        22.2305521012425     
         459   82.6200032830238        22.6720667201885     
         460   82.8000032901764        23.1278874924830     
         461   82.9800032973289        23.5081008859345     
         462   83.1600033044815        23.7555604196350     
         463   83.3400033116341        23.8627970558940     
         464   83.5200033187866        23.8672449587767     
         465   83.7000033259392        23.8299181671825     
         466   83.8800033330917        23.8038193804905     
         467   84.0600033402443        23.8055222107328     
         468   84.2400033473969        23.8074191678051     
         469   84.4200033545494        23.7560739357928     
         470   84.6000033617020        23.6036531438211     
         471   84.7800033688545        23.3348357213388     
         472   84.9600033760071        22.9791374231569     
         473   85.1400033831596        22.6040327050359     
         474   85.3200033903122        22.2875617088474     
         475   85.5000033974648        22.0811197560217     
         476   85.6800034046173        21.9878103358252     
         477   85.8600034117699        21.9731260766635     
         478   86.0400034189224        21.9966106513510     
         479   86.2200034260750        22.0407472921585     
         480   86.4000034332275        22.1212195103388     
         481   86.5800034403801        22.2738918251107     
         482   86.7600034475327        22.5272666068700     
         483   86.9400034546852        22.8817791014743     
         484   87.1200034618378        23.3105705189978     
         485   87.3000034689903        23.7743294714666     
         486   87.4800034761429        24.2358654194299     
         487   87.6600034832954        24.6695108914688     
         488   87.8400034904480        25.0651503520980     
         489   88.0200034976006        25.4255946168488     
         490   88.2000035047531        25.7584745080136     
         491   88.3800035119057        26.0684147409168     
         492   88.5600035190582        26.3545777885237     
         493   88.7400035262108        26.6127510572282     
         494   88.9200035333633        26.8379202648278     
         495   89.1000035405159        27.0257787166824     
         496   89.2800035476685        27.1741386855042     
         497   89.4600035548210        27.2840393320612     
         498   89.6400035619736        27.3590054083734     
         499   89.8200035691261        27.4026537412400     
         500   90.0000035762787        27.4169840968910     
         501   90.1800035834312        27.4025148234947     
         502   90.3600035905838        27.3587516905518     
         503   90.5400035977364        27.2837184526801     
         504   90.7200036048889        27.1738206781451     
         505   90.9000036120415        27.0255539450389     
         506   91.0800036191940        26.8378947405089     
         507   91.2600036263466        26.6130367380343     
         508   91.4400036334991        26.3552769836662     
         509   91.6200036406517        26.0696008153218     
         510   91.8000036478043        25.7601737797393     
         511   91.9800036549568        25.4277760528518     
         512   92.1600036621094        25.0677281432492     
         513   92.3400036692619        24.6723575350318     
         514   92.5200036764145        24.2388260885495     
         515   92.7000036835670        23.7772326588846     
         516   92.8800036907196        23.3132410748953     
         517   93.0600036978722        22.8840626136882     
         518   93.2400037050247        22.5290629048592     
         519   93.4200037121773        22.2751803536472     
         520   93.6000037193298        22.1220569385791     
         521   93.7800037264824        22.0412373517740     
         522   93.9600037336349        21.9968693684385     
         523   94.1400037407875        21.9732614535937     
         524   94.3200037479401        21.9879135134718     
         525   94.5000037550926        22.0812560799920     
         526   94.6800037622452        22.2877599868065     
         527   94.8600037693977        22.6042826372331     
         528   95.0400037765503        22.9794017837071     
         529   95.2200037837029        23.3350690631805     
         530   95.4000037908554        23.6038147224959     
         531   95.5800037980080        23.7561322923587     
         532   95.7600038051605        23.8073529780258     
         533   95.9400038123131        23.8053207871793     
         534   96.1200038194656        23.8034816123197     
         535   96.3000038266182        23.8294464231551     
         536   96.4800038337708        23.8666341051842     
         537   96.6600038409233        23.8620243279802     
         538   96.8400038480759        23.7545815676053     
         539   97.0200038552284        23.5068537297255     
         540   97.2000038623810        23.1263032183350     
         541   97.3800038695335        22.6700910023082     
         542   97.5600038766861        22.2281743412743     
         543   97.7400038838387        21.8835315737600     
         544   97.9200038909912        21.6665228660595     
         545   98.1000038981438        21.5375415320766     
         546   98.2800039052963        21.4154272221244     
         547   98.4600039124489        21.2308035930454     
         548   98.6400039196014        20.9698832850693     
         549   98.8200039267540        20.6861096751711     
         550   99.0000039339066        20.4684418369213     
         551   99.1800039410591        20.3778107050547     
         552   99.3600039482117        20.4038623528906     
         553   99.5400039553642        20.4846391778480     
         554   99.7200039625168        20.5618200647592     
         555   99.9000039696693        20.6202254696941     
         556   100.080003976822        20.6892579971976     
         557   100.260003983974        20.8065100975235     
         558   100.440003991127        20.9708185949259     
         559   100.620003998280        21.1329306120532     
         560   100.800004005432        21.2331186435847     
         561   100.980004012585        21.2440909933741     
         562   101.160004019737        21.1886789260077     
         563   101.340004026890        21.1314617110648     
         564   101.520004034042        21.1474867841805     
         565   101.700004041195        21.2767143904210     
         566   101.880004048347        21.4968714456796     
         567   102.060004055500        21.7426805084885     
         568   102.240004062653        21.9516369182570     
         569   102.420004069805        22.0983877296254     
         570   102.600004076958        22.2029762237266     
         571   102.780004084110        22.3119143678889     
         572   102.960004091263        22.4580647146969     
         573   103.140004098415        22.6284111107235     
         574   103.320004105568        22.7728145390977     
         575   103.500004112720        22.8433757932924     
         576   103.680004119873        22.8260036739055     
         577   103.860004127026        22.7455904093370     
         578   104.040004134178        22.6453640489432     
         579   104.220004141331        22.5465931750126     
         580   104.400004148483        22.4140109226178     
         581   104.580004155636        22.1638365037394     
         582   104.760004162788        21.7130447911562     
         583   104.940004169941        21.0307607647410     
         584   105.120004177094        20.1655432045994     
         585   105.300004184246        19.2382117950610     
         586   105.480004191399        18.3822343904642     
         587   105.660004198551        17.6455116916623     
         588   105.840004205704        16.9552496086091     
         589   106.020004212856        16.2165315447216     
         590   106.200004220009        15.4663686938479     
         591   106.380004227161        14.9535342636440     
         592   106.560004234314        14.9747385092138     
         593   106.740004241467        15.5169603741049     
         594   106.920004248619        16.2656026931853     
         595   107.100004255772        16.9455183483855     
         596   107.280004262924        17.4710963734028     
         597   107.460004270077        17.9050523305356     
         598   107.640004277229        18.3557759792378     
         599   107.820004284382        18.8688715184302     
         600   108.000004291534        19.3960494819091     
         601   108.180004298687        19.8532328904010     
         602   108.360004305840        20.1799532946915     
         603   108.540004312992        20.3608272039222     
         604   108.720004320145        20.4266820557054     
         605   108.900004327297        20.4339350750823     
         606   109.080004334450        20.4159567072600     
         607   109.260004341602        20.3468843760357     
         608   109.440004348755        20.1638073297785     
         609   109.620004355907        19.8202031974490     
         610   109.800004363060        19.3190878766754     
         611   109.980004370213        18.7189200190192     
         612   110.160004377365        18.1169601488658     
         613   110.340004384518        17.5956375472694     
         614   110.520004391670        17.1590503617334     
         615   110.700004398823        16.7419924701278     
         616   110.880004405975        16.2824154924841     
         617   111.060004413128        15.7658979093045     
         618   111.240004420280        15.2374926738776     
         619   111.420004427433        14.8100463598233     
         620   111.600004434586        14.5915685824363     
         621   111.780004441738        14.5288013448280     
         622   111.960004448891        14.4179643600876     
         623   112.140004456043        14.0997336136886     
         624   112.320004463196        13.5797561451558     
         625   112.500004470348        13.0342053127341     
         626   112.680004477501        12.7298033563963     
         627   112.860004484653        12.7750866057037     
         628   113.040004491806        12.9303153169084     
         629   113.220004498959        12.8396235242148     
         630   113.400004506111        12.3393151830872     
         631   113.580004513264        11.5544354286880     
         632   113.760004520416        10.8730775609769     
         633   113.940004527569        10.7015624295064     
         634   114.120004534721        10.9951709334229     
         635   114.300004541874        11.2648131141420     
         636   114.480004549026        11.0694766888055     
         637   114.660004556179        10.2725482936215     
         638   114.840004563332        9.10167986533202     
         639   115.020004570484        8.16407898080259     
         640   115.200004577637        8.08582211315985     
         641   115.380004584789        8.78068778079482     
         642   115.560004591942        9.54700146616182     
         643   115.740004599094        9.79885928142074     
         644   115.920004606247        9.37009676394248     
         645   116.100004613400        8.59508378069187     
         646   116.280004620552        8.26103981642428     
         647   116.460004627705        8.76530911017324     
         648   116.640004634857        9.54776288793467     
         649   116.820004642010        9.95640633829540     
         650   117.000004649162        9.72865713880547     
         651   117.180004656315        9.07769732761311     
         652   117.360004663467        8.71357894253815     
         653   117.540004670620        8.93414747350353     
         654   117.720004677773        9.00327997050093     
         655   117.900004684925        8.24579269672083     
         656   118.080004692078        6.53426726407129     
         657   118.260004699230        4.36904488106716     
         658   118.440004706383        3.15796411835511     
         659   118.620004713535        3.32296235489116     
         660   118.800004720688        2.98855479831655     
         661   118.980004727840       0.359172044628127     
         662   119.160004734993       -5.53854990477247     
         663   119.340004742146       -1.55097493732593     
         664   119.520004749298        2.88133046898994     
         665   119.700004756451        4.09937984419515     
         666   119.880004763603        3.47821135380397     
         667   120.060004770756        2.71774221496115     
         668   120.240004777908        3.55031739393781     
         669   120.420004785061        5.23832552331742     
         670   120.600004792213        6.46172024619633     
         671   120.780004799366        6.60311068824552     
         672   120.960004806519        5.44906376098375     
         673   121.140004813671        3.57883219207476     
         674   121.320004820824        2.81103890972427     
         675   121.500004827976        2.95540125713633     
         676   121.680004835129        2.20234373582895     
         677   121.860004842281       0.375237325236168     
         678   122.040004849434       -1.95547043979502     
         679   122.220004856586       -5.26076502057087     
         680   122.400004863739       -5.84602999361811     
         681   122.580004870892       -1.78939570084741     
         682   122.760004878044      -0.328945598240551     
         683   122.940004885197       -1.73869561907369     
         684   123.120004892349       -3.85127994363402     
         685   123.300004899502       -3.73963020586357     
         686   123.480004906654       -4.33897057364652     
         687   123.660004913807       -2.77053404507928     
         688   123.840004920959        1.41005142684356     
         689   124.020004928112        3.38658894649994     
         690   124.200004935265        2.95213667291807     
         691   124.380004942417       0.887249245579081     
         692   124.560004949570       -1.31351568453375     
         693   124.740004956722       -2.48712065291425     
         694   124.920004963875      -0.277458982452652     
         695   125.100004971027        3.05539999689887     
         696   125.280004978180        4.22507681558147     
         697   125.460004985332        2.65453129686542     
         698   125.640004992485       -1.65279318231593     
         699   125.820004999638       -4.71977887160857     
         700   126.000005006790       -5.05149602060524     
         701   126.180005013943       -5.23691139009333     
         702   126.360005021095      -0.568642751515766     
         703   126.540005028248        2.10174552307803     
         704   126.720005035400        2.33879104226691     
         705   126.900005042553        2.64545167328235     
         706   127.080005049706        4.03333734000097     
         707   127.260005056858        4.52220589544288     
         708   127.440005064011        4.74857753329535     
         709   127.620005071163        6.71301680449521     
         710   127.800005078316        8.62586909824501     
         711   127.980005085468        9.16552679475282     
         712   128.160005092621        8.76746213900918     
         713   128.340005099773        8.30936353336340     
         714   128.520005106926        8.08888438186243     
         715   128.700005114079        8.72025054860849     
         716   128.880005121231        10.4813148626337     
         717   129.060005128384        11.7319161073627     
         718   129.240005135536        11.3904003313190     
         719   129.420005142689        9.26698514177764     
         720   129.600005149841        5.82136411520805     
         721   129.780005156994        2.66137220277424     
         722   129.960005164146        3.73409307289267     
         723   130.140005171299        7.61170683120093     
         724   130.320005178452        9.52031893245761     
         725   130.500005185604        8.50873377730902     
         726   130.680005192757        4.88510164462836     
         727   130.860005199909        6.04745725105369     
         728   131.040005207062        9.38976946504824     
         729   131.220005214214        10.5290204329903     
         730   131.400005221367        11.0551639034503     
         731   131.580005228519        11.8523660044864     
         732   131.760005235672        12.3681509724356     
         733   131.940005242825        13.5730091505966     
         734   132.120005249977        15.8488971080425     
         735   132.300005257130        17.2867708666131     
         736   132.480005264282        17.0226600597345     
         737   132.660005271435        15.4308737088893     
         738   132.840005278587        14.0787941106199     
         739   133.020005285740        13.5817520702965     
         740   133.200005292892        13.9121356386038     
         741   133.380005300045        16.2692951249489     
         742   133.560005307198        17.8910313607986     
         743   133.740005314350        16.3836065327840     
         744   133.920005321503        11.6058119174644     
         745   134.100005328655        17.7287059251599     
         746   134.280005335808        21.9400385672451     
         747   134.460005342960        21.9141316608204     
         748   134.640005350113        15.8012531573427     
         749   134.820005357265        16.0494281477397     
         750   135.000005364418        25.1481364682188     
         751   135.180005371571        28.3144540191954     
         752   135.360005378723        28.6292392851549     
         753   135.540005385876        26.5031080152048     
         754   135.720005393028        21.2754218534551     
         755   135.900005400181        10.4266888160216     
         756   136.080005407333        12.8266425669900     
         757   136.260005414486        14.3508919169555     
         758   136.440005421638        11.9968497367257     
         759   136.620005428791        11.9961317087900     
         760   136.800005435944        13.1368265566768     
         761   136.980005443096        12.8296899877619     
         762   137.160005450249        14.2167515517422     
         763   137.340005457401        16.4879672811448     
         764   137.520005464554        17.2009522925559     
         765   137.700005471706        16.4732780748437     
         766   137.880005478859        15.6066824347818     
         767   138.060005486012        15.5064366017150     
         768   138.240005493164        15.4823372970064     
         769   138.420005500317        15.3681186176978     
         770   138.600005507469        15.5114549202537     
         771   138.780005514622        15.4884295781475     
         772   138.960005521774        14.9749326686835     
         773   139.140005528927        14.5907301877087     
         774   139.320005536079        14.6870047793864     
         775   139.500005543232        14.4042399435957     
         776   139.680005550385        13.1339355977129     
         777   139.860005557537        11.2202055347657     
         778   140.040005564690        9.54748969402534     
         779   140.220005571842        8.38104632845579     
         780   140.400005578995        8.08011493543937     
         781   140.580005586147        8.66712661853538     
         782   140.760005593300        8.30035062499784     
         783   140.940005600452        5.07893605007433     
         784   141.120005607605       -6.55064921078314     
         785   141.300005614758       -1.35287236013918     
         786   141.480005621910        4.34628811519198     
         787   141.660005629063        5.16289503511487     
         788   141.840005636215        4.40767435474105     
         789   142.020005643368        4.61905808683536     
         790   142.200005650520        7.12241337815921     
         791   142.380005657673        10.4897740867502     
         792   142.560005664825        13.1811898662616     
         793   142.740005671978        14.7194103420099     
         794   142.920005679131        15.1723965007896     
         795   143.100005686283        14.8744081685584     
         796   143.280005693436        14.3904836985625     
         797   143.460005700588        14.3385254404036     
         798   143.640005707741        14.9353747437916     
         799   143.820005714893        15.8322910724207     
         800   144.000005722046        16.5079359184246     
         801   144.180005729198        16.6401948754437     
         802   144.360005736351        16.1988983830065     
         803   144.540005743504        15.4187887285583     
         804   144.720005750656        14.6711544224175     
         805   144.900005757809        14.1971080134786     
         806   145.080005764961        13.9785998464448     
         807   145.260005772114        13.8343309663121     
         808   145.440005779266        13.5311868060729     
         809   145.620005786419        12.9873907521747     
         810   145.800005793571        12.4709389965415     
         811   145.980005800724        12.3354191061185     
         812   146.160005807877        12.4142776194879     
         813   146.340005815029        12.2637123531997     
         814   146.520005822182        11.7792921121538     
         815   146.700005829334        11.3118003842787     
         816   146.880005836487        11.4262435266820     
         817   147.060005843639        12.3342640200352     
         818   147.240005850792        13.6111330775432     
         819   147.420005857944        14.6923943409747     
         820   147.600005865097        15.2918163458636     
         821   147.780005872250        15.4211148997261     
         822   147.960005879402        15.2999865487332     
         823   148.140005886555        15.2187717658670     
         824   148.320005893707        15.3544345179763     
         825   148.500005900860        15.6918106160781     
         826   148.680005908012        16.0931249863668     
         827   148.860005915165        16.3996578223878     
         828   149.040005922318        16.5275167122406     
         829   149.220005929470        16.5171290134690     
         830   149.400005936623        16.4751947686954     
         831   149.580005943775        16.4479270309135     
         832   149.760005950928        16.3881550029056     
         833   149.940005958080        16.2553546678052     
         834   150.120005965233        16.0908379864724     
         835   150.300005972385        15.9964314472092     
         836   150.480005979538        16.0731463280579     
         837   150.660005986691        16.3497091246886     
         838   150.840005993843        16.7249146131293     
         839   151.020006000996        17.0149515105108     
         840   151.200006008148        17.0845464652415     
         841   151.380006015301        16.9342883028854     
         842   151.560006022453        16.7042586525666     
         843   151.740006029606        16.6017359614820     
         844   151.920006036758        16.7652472931810     
         845   152.100006043911        17.1596886996853     
         846   152.280006051064        17.6142531162186     
         847   152.460006058216        17.9521186981412     
         848   152.640006065369        18.0856244887943     
         849   152.820006072521        18.0389209650510     
         850   153.000006079674        17.9153784902469     
         851   153.180006086826        17.8293011491621     
         852   153.360006093979        17.8423823731980     
         853   153.540006101131        17.9488556165452     
         854   153.720006108284        18.1007024418525     
         855   153.900006115437        18.2427756735259     
         856   154.080006122589        18.3461134296398     
         857   154.260006129742        18.4201472842876     
         858   154.440006136894        18.4866480756238     
         859   154.620006144047        18.5423302154661     
         860   154.800006151199        18.5601345147487     
         861   154.980006158352        18.5282763524546     
         862   155.160006165504        18.4778342469766     
         863   155.340006172657        18.4715514138405     
         864   155.520006179810        18.5667895178516     
         865   155.700006186962        18.7775182889647     
         866   155.880006194115        19.0566177655581     
         867   156.060006201267        19.3148884635207     
         868   156.240006208420        19.4693262835012     
         869   156.420006215572        19.4876533627250     
         870   156.600006222725        19.4048534285027     
         871   156.780006229877        19.3073824499908     
         872   156.960006237030        19.2893449496575     
         873   157.140006244183        19.3985282293751     
         874   157.320006251335        19.6081108575477     
         875   157.500006258488        19.8369556496630     
         876   157.680006265640        19.9994131806819     
         877   157.860006272793        20.0478606081738     
         878   158.040006279945        19.9893585536775     
         879   158.220006287098        19.8764857968943     
         880   158.400006294250        19.7792873348656     
         881   158.580006301403        19.7515797575064     
         882   158.760006308556        19.8092587911530     
         883   158.940006315708        19.9302413743563     
         884   159.120006322861        20.0722593807785     
         885   159.300006330013        20.1973218242862     
         886   159.480006337166        20.2891274756357     
         887   159.660006344318        20.3536050468333     
         888   159.840006351471        20.4051906717974     
         889   160.020006358624        20.4534423355000     
         890   160.200006365776        20.5020392856547     
         891   160.380006372929        20.5560935872532     
         892   160.560006380081        20.6251390393770     
         893   160.740006387234        20.7179711022229     
         894   160.920006394386        20.8359115699838     
         895   161.100006401539        20.9697040332899     
         896   161.280006408691        21.0996630712937     
         897   161.460006415844        21.1994041193946     
         898   161.640006422997        21.2452441423357     
         899   161.820006430149        21.2289647190355     
         900   162.000006437302        21.1664708442714     
         901   162.180006444454        21.0956153625245     
         902   162.360006451607        21.0619337804250     
         903   162.540006458759        21.0979977062735     
         904   162.720006465912        21.2072707771610     
         905   162.900006473064        21.3621149574387     
         906   163.080006480217        21.5171056686671     
         907   163.260006487370        21.6296693835047     
         908   163.440006494522        21.6775966068440     
         909   163.620006501675        21.6669600531963     
         910   163.800006508827        21.6287636943406     
         911   163.980006515980        21.6056041374370     
         912   164.160006523132        21.6326639298552     
         913   164.340006530285        21.7212455181192     
         914   164.520006537437        21.8537451380119     
         915   164.700006544590        21.9927917487651     
         916   164.880006551743        22.0985033048005     
         917   165.060006558895        22.1444853014220     
         918   165.240006566048        22.1264946924603     
         919   165.420006573200        22.0624142380628     
         920   165.600006580353        21.9849422888557     
         921   165.780006587505        21.9298102217980     
         922   165.960006594658        21.9234924126466     
         923   166.140006601810        21.9748169957235     
         924   166.320006608963        22.0736867454234     
         925   166.500006616116        22.1971500044293     
         926   166.680006623268        22.3194818839217     
         927   166.860006630421        22.4211674840792     
         928   167.040006637573        22.4932234125535     
         929   167.220006644726        22.5366699945989     
         930   167.400006651878        22.5593826927922     
         931   167.580006659031        22.5726096197818     
         932   167.760006666183        22.5879010413811     
         933   167.940006673336        22.6141201725899     
         934   168.120006680489        22.6548533307749     
         935   168.300006687641        22.7076648378235     
         936   168.480006694794        22.7660419226596     
         937   168.660006701946        22.8227882276163     
         938   168.840006709099        22.8726457776741     
         939   169.020006716251        22.9132110988656     
         940   169.200006723404        22.9449953957379     
         941   169.380006730556        22.9716708685542     
         942   169.560006737709        23.0002252818247     
         943   169.740006744862        23.0397499373103     
         944   169.920006752014        23.0982768815560     
         945   170.100006759167        23.1788851474620     
         946   170.280006766319        23.2773291428575     
         947   170.460006773472        23.3825807238432     
         948   170.640006780624        23.4798692434340     
         949   170.820006787777        23.5548021658801     
         950   171.000006794930        23.5973489969261     
         951   171.180006802082        23.6049526083707     
         952   171.360006809235        23.5841306305299     
         953   171.540006816387        23.5498448003425     
         954   171.720006823540        23.5221771678318     
         955   171.900006830692        23.5207445266313     
         956   172.080006837845        23.5585257105568     
         957   172.260006844997        23.6374984107151     
         958   172.440006852150        23.7478939503273     
         959   172.620006859303        23.8712337741650     
         960   172.800006866455        23.9857744139559     
         961   172.980006873608        24.0724206954102     
         962   173.160006880760        24.1194904659105     
         963   173.340006887913        24.1253649387797     
         964   173.520006895065        24.0986153847566     
         965   173.700006902218        24.0556058991814     
         966   173.880006909370        24.0160328954880     
         967   174.060006916523        23.9974970724183     
         968   174.240006923676        24.0107477044993     
         969   174.420006930828        24.0571648474015     
         970   174.600006937981        24.1291728551826     
         971   174.780006945133        24.2131202977064     
         972   174.960006952286        24.2934225333944     
         973   175.140006959438        24.3566746611636     
         974   175.320006966591        24.3947582241354     
         975   175.500006973743        24.4063719265811     
         976   175.680006980896        24.3967740522465     
         977   175.860006988049        24.3758598253836     
         978   176.040006995201        24.3550889779973     
         979   176.220007002354        24.3441828955768     
         980   176.400007009506        24.3486739404565     
         981   176.580007016659        24.3690535054687     
         982   176.760007023811        24.4015330347874     
         983   176.940007030964        24.4397913355788     
         984   177.120007038116        24.4769306135244     
         985   177.300007045269        24.5071308124534     
         986   177.480007052422        24.5268105896066     
         987   177.660007059574        24.5352296117113     
         988   177.840007066727        24.5344424634179     
         989   178.020007073879        24.5285314483895     
         990   178.200007081032        24.5222371737207     
         991   178.380007088184        24.5194151077730     
         992   178.560007095337        24.5219354808828     
         993   178.740007102489        24.5294805440605     
         994   178.920007109642        24.5402092260769     
         995   179.100007116795        24.5517943126003     
         996   179.280007123947        24.5622415709758     
         997   179.460007131100        24.5702043157108     
         998   179.640007138252        24.5749200570983     
         999   179.820007145405        24.5760887831097     
        1000   180.000007152557        24.5738842133169     
