           0  0.000000000000000E+000   24.5722292094917     
           1   9.00000000000000        23.5937117051470     
           2   18.0000000000000        21.1553252099603     
           3   27.0000000000000        17.9315749535317     
           4   36.0000000000000        16.5959148364046     
           5   45.0000000000000        25.1090860829198     
           6   54.0000000000000       -8.64538065847865     
           7   63.0000000000000        9.10179331110546     
           8   72.0000000000000        19.4544049819077     
           9   81.0000000000000        20.2770297443288     
          10   90.0000000000000        27.2045331661425     
          11   99.0000000000000        20.2744832107135     
          12   108.000000000000        19.3843214626963     
          13   117.000000000000        9.18941033069834     
          14   126.000000000000       -5.11179661664502     
          15   135.000000000000        25.1559885349419     
          16   144.000000000000        16.3686140279205     
          17   153.000000000000        18.0855791604391     
          18   162.000000000000        20.8686303914309     
          19   171.000000000000        23.2762882078182     
          20   180.000000000000        24.3411640315247     
