           0  0.000000000000000E+000   24.5741637544626     
           1  0.180000007152557        24.5764459596056     
           2  0.360000014305115        24.5753168172722     
           3  0.540000021457672        24.5706025751316     
           4  0.720000028610229        24.5626077818019     
           5  0.900000035762787        24.5521030464992     
           6   1.08000004291534        24.5404454377266     
           7   1.26000005006790        24.5296401736961     
           8   1.44000005722046        24.5220241928700     
           9   1.62000006437302        24.5194453033826     
          10   1.80000007152557        24.5222238692909     
          11   1.98000007867813        24.5284879542698     
          12   2.16000008583069        24.5343768013420     
          13   2.34000009298325        24.5351422509488     
          14   2.52000010013580        24.5266936383217     
          15   2.70000010728836        24.5069685821909     
          16   2.88000011444092        24.4767015287296     
          17   3.06000012159348        24.4394712553822     
          18   3.24000012874603        24.4010999130868     
          19   3.42000013589859        24.3684928312829     
          20   3.60000014305115        24.3479837319969     
          21   3.78000015020370        24.3433765851765     
          22   3.96000015735626        24.3541948325342     
          23   4.14000016450882        24.3749167711565     
          24   4.32000017166138        24.3958253218680     
          25   4.50000017881393        24.4054587441423     
          26   4.68000018596649        24.3939152473750     
          27   4.86000019311905        24.3559276328515     
          28   5.04000020027161        24.2927875406664     
          29   5.22000020742416        24.2126037474693     
          30   5.40000021457672        24.1287716680476     
          31   5.58000022172928        24.0568670430639     
          32   5.76000022888184        24.0105339994550     
          33   5.94000023603439        23.9973439196769     
          34   6.12000024318695        24.0159165568702     
          35   6.30000025033951        24.0555062892961     
          36   6.48000025749207        24.0985183949198     
          37   6.66000026464462        24.1252628500714     
          38   6.84000027179718        24.1193810991027     
          39   7.02000027894974        24.0723063207393     
          40   7.20000028610229        23.9856610844333     
          41   7.38000029325485        23.8711310992107     
          42   7.56000030040741        23.7478148359150     
          43   7.74000030755997        23.6374582040228     
          44   7.92000031471252        23.5585405358572     
          45   8.10000032186508        23.5208291423989     
          46   8.28000032901764        23.5223429756544     
          47   8.46000033617020        23.5500984577404     
          48   8.64000034332275        23.5844732957854     
          49   8.82000035047531        23.6053795808459     
          50   9.00000035762787        23.5978495373737     
          51   9.18000036478043        23.5553594391977     
          52   9.36000037193298        23.4804604923792     
          53   9.54000037908554        23.3831779761185     
          54   9.72000038623810        23.2779010022416     
          55   9.90000039339066        23.1794003012810     
          56   10.0800004005432        23.0987093995814     
          57   10.2600004076958        23.0400851553245     
          58   10.4400004148483        23.0004640530406     
          59   10.6200004220009        22.9718305023167     
          60   10.8000004291534        22.9451073606244     
          61   10.9800004363060        22.9133167355583     
          62   11.1600004434586        22.8727908991100     
          63   11.3400004506111        22.8230165044273     
          64   11.5200004577637        22.7663867816435     
          65   11.7000004649162        22.7081407597834     
          66   11.8800004720688        22.6554492926152     
          67   12.0600004792213        22.6147989247166     
          68   12.2400004863739        22.5886061029923     
          69   12.4200004935265        22.5732776021186     
          70   12.6000005006790        22.5599554978833     
          71   12.7800005078316        22.5371027044394     
          72   12.9600005149841        22.4934875418478     
          73   13.1400005221367        22.4212517354583     
          74   13.3200005292892        22.3193922992248     
          75   13.5000005364418        22.1969098181937     
          76   13.6800005435944        22.0733348037683     
          77   13.8600005507469        21.9744032067766     
          78   14.0400005578995        21.9230700587124     
          79   14.2200005650520        21.9294275725134     
          80   14.4000005722046        21.9846371991431     
          81   14.5800005793571        22.0622134876065     
          82   14.7600005865097        22.1264167132894     
          83   14.9400005936623        22.1445435797456     
          84   15.1200006008148        22.0987082447913     
          85   15.3000006079674        21.9931497325699     
          86   15.4800006151199        21.8542545131953     
          87   15.6600006222725        21.7218908707092     
          88   15.8400006294250        21.6334120743943     
          89   16.0200006365776        21.6064055723020     
          90   16.2000006437302        21.6295597761659     
          91   16.3800006508827        21.6676914174699     
          92   16.5600006580353        21.6782077589810     
          93   16.7400006651878        21.6301083630611     
          94   16.9200006723404        21.5173218376259     
          95   17.1000006794930        21.3620596461596     
          96   17.2800006866455        21.2069048903630     
          97   17.4600006937981        21.0973069318401     
          98   17.6400007009506        21.0609451748812     
          99   17.8200007081032        21.0944035621392     
         100   18.0000007152557        21.1651467922112     
         101   18.1800007224083        21.2276531096705     
         102   18.3600007295609        21.2440628072999     
         103   18.5400007367134        21.1984524687113     
         104   18.7200007438660        21.0990172161201     
         105   18.9000007510185        20.9694125710933     
         106   19.0800007581711        20.8359880329969     
         107   19.2600007653236        20.7183841225474     
         108   19.4400007724762        20.6258080290541     
         109   19.6200007796288        20.5569004141030     
         110   19.8000007867813        20.5028565288482     
         111   19.9800007939339        20.4541631538752     
         112   20.1600008010864        20.4057444253455     
         113   20.3400008082390        20.3539577765640     
         114   20.5200008153915        20.2892774944100     
         115   20.7000008225441        20.1972980565400     
         116   20.8800008296967        20.0721211151288     
         117   21.0600008368492        19.9300721919107     
         118   21.2400008440018        19.8091481577990     
         119   21.4200008511543        19.7515946936150     
         120   21.6000008583069        19.7794491464372     
         121   21.7800008654594        19.8767679748965     
         122   21.9600008726120        19.9897060100822     
         123   22.1400008797646        20.0482147918609     
         124   22.3200008869171        19.9997289347838     
         125   22.5000008940697        19.8372076280934     
         126   22.6800009012222        19.6082943258670     
         127   22.8600009083748        19.3986575192160     
         128   23.0400009155273        19.2894489242787     
         129   23.2200009226799        19.3074962319572     
         130   23.4000009298325        19.4050099040248     
         131   23.5800009369850        19.4878797532192     
         132   23.7600009441376        19.4696462838139     
         133   23.9400009512901        19.3153252772624     
         134   24.1200009584427        19.0571931001063     
         135   24.3000009655952        18.7782459171446     
         136   24.4800009727478        18.5676668365733     
         137   24.6600009799004        18.4725541220966     
         138   24.8400009870529        18.4789169063132     
         139   25.0200009942055        18.5293806571001     
         140   25.2000010013580        18.5612031137052     
         141   25.3800010085106        18.5433165386288     
         142   25.5600010156631        18.4875156930159     
         143   25.7400010228157        18.4208634300358     
         144   25.9200010299683        18.3466462769453     
         145   26.1000010371208        18.2430996308829     
         146   26.2800010442734        18.1008092772041     
         147   26.4600010514259        17.9487679792867     
         148   26.6400010585785        17.8421636267678     
         149   26.8200010657310        17.8290505091036     
         150   27.0000010728836        17.9152024907087     
         151   27.1800010800362        18.0388920787127     
         152   27.3600010871887        18.0857605318897     
         153   27.5400010943413        17.9523965192561     
         154   27.7200011014938        17.6146332770642     
         155   27.9000011086464        17.1601307916608     
         156   28.0800011157990        16.7657161275897     
         157   28.2600011229515        16.6022061216777     
         158   28.4400011301041        16.7047179561281     
         159   28.6200011372566        16.9347336893087     
         160   28.8000011444092        17.0849733520124     
         161   28.9800011515617        17.0153444973184     
         162   29.1600011587143        16.7252434835786     
         163   29.3400011658669        16.3499326681549     
         164   29.5200011730194        16.0732227475414     
         165   29.7000011801720        15.9963227844554     
         166   29.8800011873245        16.0905102903463     
         167   30.0600011944771        16.2547936346780     
         168   30.2400012016296        16.3873824257958     
         169   30.4200012087822        16.4469932530009     
         170   30.6000012159348        16.4741571366140     
         171   30.7800012230873        16.5160399203030     
         172   30.9600012302399        16.5264400681788     
         173   31.1400012373924        16.3987073646158     
         174   31.3200012445450        16.0924800486838     
         175   31.5000012516975        15.6916551457661     
         176   31.6800012588501        15.3548292444282     
         177   31.8600012660027        15.2196052745917     
         178   32.0400012731552        15.3010941580386     
         179   32.2200012803078        15.4224019002215     
         180   32.4000012874603        15.2932568231347     
         181   32.5800012946129        14.6939845741029     
         182   32.7600013017654        13.6128608682190     
         183   32.9400013089180        12.3360733722355     
         184   33.1200013160706        11.4279865145739     
         185   33.3000013232231        11.3132738284851     
         186   33.4800013303757        11.7803926176459     
         187   33.6600013375282        12.2644585012453     
         188   33.8400013446808        12.4146883714781     
         189   34.0200013518333        12.3354531520333     
         190   34.2000013589859        12.4706214656061     
         191   34.3800013661385        12.9869594298614     
         192   34.5600013732910        13.5309300915863     
         193   34.7400013804436        13.8344532986211     
         194   34.9200013875961        13.9792082199646     
         195   35.1000013947487        14.1981737462481     
         196   35.2800014019012        14.6725243480133     
         197   35.4600014090538        15.4202744905208     
         198   35.6400014162064        16.2003823079164     
         199   35.8200014233589        16.6416693405670     
         200   36.0000014305115        16.5094706660158     
         201   36.1800014376640        15.8339952463048     
         202   36.3600014448166        14.9373453573882     
         203   36.5400014519691        14.3407392820468     
         204   36.7200014591217        14.3927593964442     
         205   36.9000014662743        14.8766160147151     
         206   37.0800014734268        15.1746273326439     
         207   37.2600014805794        14.7219546625556     
         208   37.4400014877319        13.1845853279267     
         209   37.6200014948845        10.4950656532304     
         210   37.8000015020370        7.13142858624368     
         211   37.9800015091896        4.63286110147594     
         212   38.1600015163422        4.42314784081773     
         213   38.3400015234947        5.17736624073762     
         214   38.5200015306473        4.36158872849962     
         215   38.7000015377998       -1.32712468081912     
         216   38.8800015449524       -6.61010063953667     
         217   39.0600015521049        5.06659779109476     
         218   39.2400015592575        8.29255128615591     
         219   39.4200015664101        8.65972093930219     
         220   39.6000015735626        8.07217481747025     
         221   39.7800015807152        8.37442650626696     
         222   39.9600015878677        9.54309623262542     
         223   40.1400015950203        11.2175276873856     
         224   40.3200016021729        13.1322281372695     
         225   40.5000016093254        14.4028876227565     
         226   40.6800016164780        14.6856611078371     
         227   40.8600016236305        14.5892769735341     
         228   41.0400016307831        14.9735216552068     
         229   41.2200016379356        15.4871569621268     
         230   41.4000016450882        15.5102122234725     
         231   41.5800016522408        15.3666909421050     
         232   41.7600016593933        15.4805142025952     
         233   41.9400016665459        15.5041809599247     
         234   42.1200016736984        15.6044282823057     
         235   42.3000016808510        16.4716452156758     
         236   42.4800016880035        17.1996612879730     
         237   42.6600016951561        16.4863399029641     
         238   42.8400017023087        14.2138257319876     
         239   43.0200017094612        12.8255434364512     
         240   43.2000017166138        13.1328304645179     
         241   43.3800017237663        11.9915466673919     
         242   43.5600017309189        11.9943877748873     
         243   43.7400017380714        14.3504158756075     
         244   43.9200017452240        12.8245299819141     
         245   44.1000017523766        10.4185587688304     
         246   44.2800017595291        21.2750787127660     
         247   44.4600017666817        26.5034332642147     
         248   44.6400017738342        28.6297491116593     
         249   44.8200017809868        28.3151152270296     
         250   45.0000017881393        25.1490994745251     
         251   45.1800017952919        16.0516840021688     
         252   45.3600018024445        15.7996646581177     
         253   45.5400018095970        21.9136210899236     
         254   45.7200018167496        21.9398708667085     
         255   45.9000018239021        17.7288835289080     
         256   46.0800018310547        11.6056624409633     
         257   46.2600018382072        16.3827919291901     
         258   46.4400018453598        17.8901858159588     
         259   46.6200018525124        16.2680793920645     
         260   46.8000018596649        13.9097485652051     
         261   46.9800018668175        13.5782144988383     
         262   47.1600018739700        14.0752663047118     
         263   47.3400018811226        15.4292984899815     
         264   47.5200018882751        17.0231378356819     
         265   47.7000018954277        17.2886721185227     
         266   47.8800019025803        15.8520155791422     
         267   48.0600019097328        13.5759342194768     
         268   48.2400019168854        12.3686029022047     
         269   48.4200019240379        11.8546111642000     
         270   48.6000019311905        11.0677969186218     
         271   48.7800019383430        10.5551558518321     
         272   48.9600019454956        9.42733759540740     
         273   49.1400019526482        6.10605761960279     
         274   49.3200019598007        4.91892965393355     
         275   49.5000019669533        8.51097579740323     
         276   49.6800019741058        9.51886794740026     
         277   49.8600019812584        7.60688459443955     
         278   50.0400019884109        3.70332074588841     
         279   50.2200019955635        2.57986679110745     
         280   50.4000020027161        5.76105530158343     
         281   50.5800020098686        9.23317679073609     
         282   50.7600020170212        11.3678625509099     
         283   50.9400020241737        11.7103270350013     
         284   51.1200020313263        10.4501974489434     
         285   51.3000020384789        8.66608636066817     
         286   51.4800020456314        8.01672308278768     
         287   51.6600020527840        8.23915126468490     
         288   51.8400020599365        8.71439791227870     
         289   52.0200020670891        9.13328743171682     
         290   52.2000020742416        8.60386193842819     
         291   52.3800020813942        6.68095578136770     
         292   52.5600020885468        4.67534572756012     
         293   52.7400020956993        4.42762141097059     
         294   52.9200021028519        3.94877830708027     
         295   53.1000021100044        2.60681664109114     
         296   53.2800021171570        2.37588563205716     
         297   53.4600021243095        2.16992913475125     
         298   53.6400021314621      -0.482146881064653     
         299   53.8200021386147       -5.15756102100334     
         300   54.0000021457672       -5.03533601919253     
         301   54.1800021529198       -4.66159079580097     
         302   54.3600021600723       -1.59998348218226     
         303   54.5400021672249        2.67155008725011     
         304   54.7200021743774        4.22888107568860     
         305   54.9000021815300        3.05266154746893     
         306   55.0800021886826      -0.280244729889787     
         307   55.2600021958351       -2.47285657421788     
         308   55.4400022029877       -1.30445912372461     
         309   55.6200022101402       0.878724406099131     
         310   55.8000022172928        2.93799089692971     
         311   55.9800022244453        3.37206898545279     
         312   56.1600022315979        1.39223403656722     
         313   56.3400022387505       -2.80672418396390     
         314   56.5200022459030       -4.39715336964484     
         315   56.7000022530556       -3.80599696276952     
         316   56.8800022602081       -3.92667155032930     
         317   57.0600022673607       -1.77435512760994     
         318   57.2400022745132      -0.338193754746511     
         319   57.4200022816658       -1.78721106879688     
         320   57.6000022888184       -5.88013520083243     
         321   57.7800022959709       -5.38131561409509     
         322   57.9600023031235       -2.03525732579650     
         323   58.1400023102760       0.348508969484511     
         324   58.3200023174286        2.21331268794950     
         325   58.5000023245811        2.98068896762891     
         326   58.6800023317337        2.82951177823528     
         327   58.8600023388863        3.57268297335759     
         328   59.0400023460388        5.43316859836392     
         329   59.2200023531914        6.59014790465845     
         330   59.4000023603439        6.45442482274249     
         331   59.5800023674965        5.23654904914786     
         332   59.7600023746490        3.54967474232637     
         333   59.9400023818016        2.71013641100017     
         334   60.1200023889542        3.46638231043201     
         335   60.3000023961067        4.08849462579182     
         336   60.4800024032593        2.86967832685534     
         337   60.6600024104118       -1.57266893314492     
         338   60.8400024175644       -5.54810113177393     
         339   61.0200024247169       0.376593922436452     
         340   61.2000024318695        3.01092392397881     
         341   61.3800024390221        3.35267259666127     
         342   61.5600024461746        3.19472672809847     
         343   61.7400024533272        4.40294171343715     
         344   61.9200024604797        6.56142531956435     
         345   62.1000024676323        8.26918849711653     
         346   62.2800024747849        9.02524774404258     
         347   62.4600024819374        8.95534215148969     
         348   62.6400024890900        8.73218201820583     
         349   62.8200024962425        9.09176377143996     
         350   63.0000025033951        9.74013045660055     
         351   63.1800025105476        9.96825400804983     
         352   63.3600025177002        9.56165555534671     
         353   63.5400025248528        8.78106940221000     
         354   63.7200025320053        8.27617593133577     
         355   63.9000025391579        8.60725739389134     
         356   64.0800025463104        9.38015004059562     
         357   64.2600025534630        9.80853225579059     
         358   64.4400025606155        9.55731538104310     
         359   64.6200025677681        8.79191321666015     
         360   64.8000025749207        8.09737654718591     
         361   64.9800025820732        8.17474533306718     
         362   65.1600025892258        9.11060830645162     
         363   65.3400025963783        10.2797714535328     
         364   65.5200026035309        11.0755336705740     
         365   65.7000026106834        11.2703946026292     
         366   65.8800026178360        11.0010193921124     
         367   66.0600026249886        10.7082415073410     
         368   66.2400026321411        10.8804037690536     
         369   66.4200026392937        11.5616515626603     
         370   66.6000026464462        12.3460594918574     
         371   66.7800026535988        12.8460717283725     
         372   66.9600026607513        12.9367537732613     
         373   67.1400026679039        12.7815277672447     
         374   67.3200026750565        12.7358159951688     
         375   67.5000026822090        13.0392480391507     
         376   67.6800026893616        13.5836161406099     
         377   67.8600026965141        14.1024549505108     
         378   68.0400027036667        14.4196688028314     
         379   68.2200027108192        14.5296392698071     
         380   68.4000027179718        14.5917072763954     
         381   68.5800027251244        14.8097065468975     
         382   68.7600027322769        15.2370251859292     
         383   68.9400027394295        15.7657572387160     
         384   69.1200027465820        16.2829992491957     
         385   69.3000027537346        16.7434979983861     
         386   69.4800027608871        17.1614787506204     
         387   69.6600027680397        17.5989004521544     
         388   69.8400027751923        18.1209534495299     
         389   70.0200027823448        18.7235328747365     
         390   70.2000027894974        19.3242026328574     
         391   70.3800027966499        19.8257066232141     
         392   70.5600028038025        20.1695986720247     
         393   70.7400028109550        20.3528656546266     
         394   70.9200028181076        20.4219999495626     
         395   71.1000028252602        20.4398551128961     
         396   71.2800028324127        20.4322615393329     
         397   71.4600028395653        20.3658793874551     
         398   71.6400028467178        20.1843600575320     
         399   71.8200028538704        19.8569490539130     
         400   72.0000028610229        19.3991032690256     
         401   72.1800028681755        18.8713729480214     
         402   72.3600028753281        18.3579391054142     
         403   72.5400028824806        17.9072255427196     
         404   72.7200028896332        17.4737620842723     
         405   72.9000028967857        16.9492630359884     
         406   73.0800029039383        16.2711054780728     
         407   73.2600029110909        15.5249333823787     
         408   73.4400029182434        14.9855357574500     
         409   73.6200029253960        14.9664697375089     
         410   73.8000029325485        15.4799851260208     
         411   73.9800029397011        16.2297157861858     
         412   74.1600029468536        16.9674327688657     
         413   74.3400029540062        17.6562859889750     
         414   74.5200029611588        18.3912234074760     
         415   74.7000029683113        19.2452444242415     
         416   74.8800029754639        20.1707728522081     
         417   75.0600029826164        21.0345332596560     
         418   75.2400029897690        21.7157101365654     
         419   75.4200029969215        22.1656662744854     
         420   75.6000030040741        22.4152009369935     
         421   75.7800030112267        22.5473001984267     
         422   75.9600030183792        22.6457425305673     
         423   76.1400030255318        22.7457979296342     
         424   76.3200030326843        22.8261709435774     
         425   76.5000030398369        22.8435783007010     
         426   76.6800030469894        22.7730770192734     
         427   76.8600030541420        22.6287393144281     
         428   77.0400030612946        22.4584805024506     
         429   77.2200030684471        22.3124746650947     
         430   77.4000030755997        22.2037702543178     
         431   77.5800030827522        22.0995192391667     
         432   77.7600030899048        21.9531993647811     
         433   77.9400030970573        21.7447287135621     
         434   78.1200031042099        21.4993952048675     
         435   78.3000031113625        21.2796262638985     
         436   78.4800031185150        21.1506394936432     
         437   78.6600031256676        21.1346955878875     
         438   78.8400031328201        21.1918662326525     
         439   79.0200031399727        21.2471435020909     
         440   79.2000031471252        21.2359704692808     
         441   79.3800031542778        21.1355317466617     
         442   79.5600031614304        20.9731551493297     
         443   79.7400031685829        20.8086336640704     
         444   79.9200031757355        20.6912837560587     
         445   80.1000031828880        20.6222852727275     
         446   80.2800031900406        20.5640158642149     
         447   80.4600031971931        20.4870335629797     
         448   80.6400032043457        20.4064840000784     
         449   80.8200032114983        20.3806466506947     
         450   81.0000032186508        20.4714316951275     
         451   81.1800032258034        20.6891736633235     
         452   81.3600032329559        20.9729668364755     
         453   81.5400032401085        21.2338882121259     
         454   81.7200032472610        21.4185022617241     
         455   81.9000032544136        21.5405688621418     
         456   82.0800032615662        21.6694189200698     
         457   82.2600032687187        21.8861784980085     
         458   82.4400032758713        22.2304578900628     
         459   82.6200032830238        22.6719405220596     
         460   82.8000032901764        23.1277050507780     
         461   82.9800032973289        23.5078363988808     
         462   83.1600033044815        23.7551932118762     
         463   83.3400033116341        23.8623183501975     
         464   83.5200033187866        23.8666653688350     
         465   83.7000033259392        23.8292723853864     
         466   83.8800033330917        23.8031610950338     
         467   84.0600033402443        23.8049068811260     
         468   84.2400033473969        23.8068838399482     
         469   84.4200033545494        23.7556262256675     
         470   84.6000033617020        23.6032706497602     
         471   84.7800033688545        23.3344686199975     
         472   84.9600033760071        22.9787109004028     
         473   85.1400033831596        22.6034555730117     
         474   85.3200033903122        22.2867502360379     
         475   85.5000033974648        22.0800310746540     
         476   85.6800034046173        21.9864617060336     
         477   85.8600034117699        21.9715868812422     
         478   86.0400034189224        21.9949816482700     
         479   86.2200034260750        22.0391451731612     
         480   86.4000034332275        22.1197664247269     
         481   86.5800034403801        22.2726984908070     
         482   86.7600034475327        22.5264073766272     
         483   86.9400034546852        22.8812745438890     
         484   87.1200034618378        23.3103905319718     
         485   87.3000034689903        23.7744103523799     
         486   87.4800034761429        24.2361261035578     
         487   87.6600034832954        24.6698611590025     
         488   87.8400034904480        25.0654937788888     
         489   88.0200034976006        25.4258341362464     
         490   88.2000035047531        25.7585256654744     
         491   88.3800035119057        26.0682226134865     
         492   88.5600035190582        26.3541275367290     
         493   88.7400035262108        26.6120662386843     
         494   88.9200035333633        26.8370517918299     
         495   89.1000035405159        27.0247915602312     
         496   89.2800035476685        27.1731013624483     
         497   89.4600035548210        27.2830165154488     
         498   89.6400035619736        27.3580512923958     
         499   89.8200035691261        27.4018054522604     
         500   90.0000035762787        27.4162578435986     
         501   90.1800035834312        27.4019075995366     
         502   90.3600035905838        27.3582473638400     
         503   90.5400035977364        27.2832934172739     
         504   90.7200036048889        27.1734449749845     
         505   90.9000036120415        27.0251884372680     
         506   91.0800036191940        26.8374891797958     
         507   91.2600036263466        26.6125331028389     
         508   91.4400036334991        26.3546174731495     
         509   91.6200036406517        26.0687354164391     
         510   91.8000036478043        25.7590633347239     
         511   91.9800036549568        25.4263919150780     
         512   92.1600036621094        25.0660527962528     
         513   92.3400036692619        24.6703889204737     
         514   92.5200036764145        24.2365841228433     
         515   92.7000036835670        23.7747627414539     
         516   92.8800036907196        23.3106087005552     
         517   93.0600036978722        22.8813384529159     
         518   93.2400037050247        22.5263071139538     
         519   93.4200037121773        22.2724369180243     
         520   93.6000037193298        22.1193573137598     
         521   93.7800037264824        22.0386028842089     
         522   93.9600037336349        21.9943090245292     
         523   94.1400037407875        21.9707728058931     
         524   94.3200037479401        21.9854940845870     
         525   94.5000037550926        22.0789211705326     
         526   94.6800037622452        22.2855516301028     
         527   94.8600037693977        22.6022568419282     
         528   95.0400037765503        22.9776038323998     
         529   95.2200037837029        23.3335205461118     
         530   95.4000037908554        23.6025194836670     
         531   95.5800037980080        23.7550895899676     
         532   95.7600038051605        23.8065666380582     
         533   95.9400038123131        23.8048013936716     
         534   96.1200038194656        23.8032440813013     
         535   96.3000038266182        23.8295070050077     
         536   96.4800038337708        23.8670092169135     
         537   96.6600038409233        23.8627302537924     
         538   96.8400038480759        23.7556326680162     
         539   97.0200038552284        23.5082574262648     
         540   97.2000038623810        23.1280505847209     
         541   97.3800038695335        22.6721434855487     
         542   97.5600038766861        22.2304527952066     
         543   97.7400038838387        21.8859216486661     
         544   97.9200038909912        21.6689083971213     
         545   98.1000038981438        21.5398541525974     
         546   98.2800039052963        21.4176785999289     
         547   98.4600039124489        21.2330781696463     
         548   98.6400039196014        20.9722948081946     
         549   98.8200039267540        20.6887367549465     
         550   99.0000039339066        20.4712757734746     
         551   99.1800039410591        20.3807666572027     
         552   99.3600039482117        20.4068506259628     
         553   99.5400039553642        20.4876172377406     
         554   99.7200039625168        20.5647894547579     
         555   99.9000039696693        20.6232127818862     
         556   100.080003976822        20.6923067826433     
         557   100.260003983974        20.8096702925508     
         558   100.440003991127        20.9741216353886     
         559   100.620003998280        21.1363694349312     
         560   100.800004005432        21.2366522555258     
         561   100.980004012585        21.2476635631929     
         562   101.160004019737        21.1922309020574     
         563   101.340004026890        21.1349186886729     
         564   101.520004034042        21.1507336543022     
         565   101.700004041195        21.2795924980903     
         566   101.880004048347        21.4992270151519     
         567   102.060004055500        21.7444301331308     
         568   102.240004062653        21.9527946582734     
         569   102.420004069805        22.0990438241203     
         570   102.600004076958        22.2032534404646     
         571   102.780004084110        22.3119300956206     
         572   102.960004091263        22.4579132667840     
         573   103.140004098415        22.6281633745012     
         574   103.320004105568        22.7725238616861     
         575   103.500004112720        22.8430852353910     
         576   103.680004119873        22.8257559252352     
         577   103.860004127026        22.7454391411454     
         578   104.040004134178        22.6453809956713     
         579   104.220004141331        22.5468655157590     
         580   104.400004148483        22.4146318958492     
         581   104.580004155636        22.1649011148539     
         582   104.760004162788        21.7146575041776     
         583   104.940004169941        21.0330494412290     
         584   105.120004177094        20.1686626728137     
         585   105.300004184246        19.2423040971663     
         586   105.480004191399        18.3873244044965     
         587   105.660004198551        17.6514244408036     
         588   105.840004205704        16.9616785122536     
         589   106.020004212856        16.2231675360312     
         590   106.200004220009        15.4728852666899     
         591   106.380004227161        14.9594286962874     
         592   106.560004234314        14.9794074411280     
         593   106.740004241467        15.5201984487605     
         594   106.920004248619        16.2677410718671     
         595   107.100004255772        16.9471018811259     
         596   107.280004262924        17.4726641626705     
         597   107.460004270077        17.9070589104833     
         598   107.640004277229        18.3585195951101     
         599   107.820004284382        18.8724303278328     
         600   108.000004291534        19.4002979486976     
         601   108.180004298687        19.8579263770881     
         602   108.360004305840        20.1848207806367     
         603   108.540004312992        20.3656352194878     
         604   108.720004320145        20.4312398852748     
         605   108.900004327297        20.4380504910635     
         606   109.080004334450        20.4194143091784     
         607   109.260004341602        20.3494957962864     
         608   109.440004348755        20.1654835293140     
         609   109.620004355907        19.8209833533684     
         610   109.800004363060        19.3191157188565     
         611   109.980004370213        18.7183858009930     
         612   110.160004377365        18.1160412799099     
         613   110.340004384518        17.5944684030277     
         614   110.520004391670        17.1577087682519     
         615   110.700004398823        16.7404784603969     
         616   110.880004405975        16.2806436310218     
         617   111.060004413128        15.7637312314893     
         618   111.240004420280        15.2348159483218     
         619   111.420004427433        14.8068773778559     
         620   111.600004434586        14.5881484144196     
         621   111.780004441738        14.5254906601049     
         622   111.960004448891        14.4150375122696     
         623   112.140004456043        14.0973617941572     
         624   112.320004463196        13.5781814575641     
         625   112.500004470348        13.0339625899391     
         626   112.680004477501        12.7316228821466     
         627   112.860004484653        12.7791983379635     
         628   113.040004491806        12.9361903019490     
         629   113.220004498959        12.8465895022815     
         630   113.400004506111        12.3469345745425     
         631   113.580004513264        11.5624566457433     
         632   113.760004520416        10.8811603132766     
         633   113.940004527569        10.7088458864589     
         634   114.120004534721        11.0005891714230     
         635   114.300004541874        11.2679761191371     
         636   114.480004549026        11.0706551685655     
         637   114.660004556179        10.2723091590464     
         638   114.840004563332        9.10086207174009     
         639   115.020004570484        8.16386921973548     
         640   115.200004577637        8.08711920676301     
         641   115.380004584789        8.78331116362390     
         642   115.560004591942        9.55033781261734     
         643   115.740004599094        9.80268062177044     
         644   115.920004606247        9.37485858296872     
         645   116.100004613400        8.60202488922889     
         646   116.280004620552        8.27090338175680     
         647   116.460004627705        8.77642483641328     
         648   116.640004634857        9.55840178187180     
         649   116.820004642010        9.96670040628302     
         650   117.000004649162        9.74012110178435     
         651   117.180004656315        9.09246296445256     
         652   117.360004663467        8.73208154938527     
         653   117.540004670620        8.95403181077156     
         654   117.720004677773        9.02366224284728     
         655   117.900004684925        8.26800659959514     
         656   118.080004692078        6.56017381448176     
         657   118.260004699230        4.39802230416653     
         658   118.440004706383        3.18068117615085     
         659   118.620004713535        3.33266368732123     
         660   118.800004720688        2.98751614589697     
         661   118.980004727840       0.342270886617766     
         662   119.160004734993       -5.61559694240238     
         663   119.340004742146       -1.56924892123738     
         664   119.520004749298        2.87989658423574     
         665   119.700004756451        4.10045196704873     
         666   119.880004763603        3.48220644862032     
         667   120.060004770756        2.72921788573933     
         668   120.240004777908        3.56564494814357     
         669   120.420004785061        5.24869931944216     
         670   120.600004792213        6.46514702775145     
         671   120.780004799366        6.60075307406056     
         672   120.960004806519        5.44342203732379     
         673   121.140004813671        3.57814665072282     
         674   121.320004820824        2.82460577475607     
         675   121.500004827976        2.97127160114198     
         676   121.680004835129        2.20446195378959     
         677   121.860004842281       0.343554515012529     
         678   122.040004849434       -2.03410485226394     
         679   122.220004856586       -5.38193929433833     
         680   122.400004863739       -5.90211790215730     
         681   122.580004870892       -1.80208240536377     
         682   122.760004878044      -0.347351580826489     
         683   122.940004885197       -1.77834020577220     
         684   123.120004892349       -3.91990553005227     
         685   123.300004899502       -3.79548602611820     
         686   123.480004906654       -4.38716370333898     
         687   123.660004913807       -2.79836614636666     
         688   123.840004920959        1.39822163906386     
         689   124.020004928112        3.37787515193763     
         690   124.200004935265        2.94511057643280     
         691   124.380004942417       0.889116068199858     
         692   124.560004949570       -1.28760842169753     
         693   124.740004956722       -2.44428415669176     
         694   124.920004963875      -0.253103212832957     
         695   125.100004971027        3.07367284183662     
         696   125.280004978180        4.25315221501101     
         697   125.460004985332        2.71267783792602     
         698   125.640004992485       -1.51021247678475     
         699   125.820004999638       -4.57105281554030     
         700   126.000005006790       -4.98693657923365     
         701   126.180005013943       -5.03518248653836     
         702   126.360005021095      -0.392711795706023     
         703   126.540005028248        2.23071718694631     
         704   126.720005035400        2.41903987079973     
         705   126.900005042553        2.61949707215657     
         706   127.080005049706        3.94359221384305     
         707   127.260005056858        4.42414988707862     
         708   127.440005064011        4.68188300021362     
         709   127.620005071163        6.69013059047036     
         710   127.800005078316        8.61088908834490     
         711   127.980005085468        9.14109897517369     
         712   128.160005092621        8.72779642545951     
         713   128.340005099773        8.26093257956030     
         714   128.520005106926        8.04451589509667     
         715   128.700005114079        8.69218375570223     
         716   128.880005121231        10.4695067528883     
         717   129.060005128384        11.7270547112253     
         718   129.240005135536        11.3873785093306     
         719   129.420005142689        9.26225114671041     
         720   129.600005149841        5.80936965949947     
         721   129.780005156994        2.64777112200533     
         722   129.960005164146        3.74833101390247     
         723   130.140005171299        7.62902547305351     
         724   130.320005178452        9.53497886862271     
         725   130.500005185604        8.52620954031030     
         726   130.680005192757        4.92419314046523     
         727   130.860005199909        6.08617683967382     
         728   131.040005207062        9.41383808788651     
         729   131.220005214214        10.5489307043611     
         730   131.400005221367        11.0694918764417     
         731   131.580005228519        11.8605389322176     
         732   131.760005235672        12.3746742310687     
         733   131.940005242825        13.5798494046175     
         734   132.120005249977        15.8542507060544     
         735   132.300005257130        17.2906318939347     
         736   132.480005264282        17.0256083693273     
         737   132.660005271435        15.4328132121268     
         738   132.840005278587        14.0790917172066     
         739   133.020005285740        13.5812465964495     
         740   133.200005292892        13.9122712216240     
         741   133.380005300045        16.2699001537956     
         742   133.560005307198        17.8914584382306     
         743   133.740005314350        16.3835777856879     
         744   133.920005321503        11.6031947234311     
         745   134.100005328655        17.7275196310276     
         746   134.280005335808        21.9393623332205     
         747   134.460005342960        21.9132816510539     
         748   134.640005350113        15.7987738173239     
         749   134.820005357265        16.0503222947439     
         750   135.000005364418        25.1486696036010     
         751   135.180005371571        28.3147173066744     
         752   135.360005378723        28.6292618982250     
         753   135.540005385876        26.5027257078904     
         754   135.720005393028        21.2737946500094     
         755   135.900005400181        10.4163081052042     
         756   136.080005407333        12.8271454233850     
         757   136.260005414486        14.3525137375582     
         758   136.440005421638        11.9968068177794     
         759   136.620005428791        11.9929527545362     
         760   136.800005435944        13.1338865974891     
         761   136.980005443096        12.8277726933181     
         762   137.160005450249        14.2167671282661     
         763   137.340005457401        16.4887435758466     
         764   137.520005464554        17.2019460652024     
         765   137.700005471706        16.4744298620541     
         766   137.880005478859        15.6080392620954     
         767   138.060005486012        15.5082885251595     
         768   138.240005493164        15.4849848663582     
         769   138.420005500317        15.3712065537994     
         770   138.600005507469        15.5140912459280     
         771   138.780005514622        15.4906005770455     
         772   138.960005521774        14.9775197152309     
         773   139.140005528927        14.5944661632719     
         774   139.320005536079        14.6914420821008     
         775   139.500005543232        14.4088056265381     
         776   139.680005550385        13.1382695242710     
         777   139.860005557537        11.2230603904262     
         778   140.040005564690        9.54714961875378     
         779   140.220005571842        8.37826104279537     
         780   140.400005578995        8.07748597341741     
         781   140.580005586147        8.66535077287237     
         782   140.760005593300        8.29808571739655     
         783   140.940005600452        5.07388408326005     
         784   141.120005607605       -6.58337005461548     
         785   141.300005614758       -1.34054097369472     
         786   141.480005621910        4.35443051768276     
         787   141.660005629063        5.17091266816241     
         788   141.840005636215        4.41661040652418     
         789   142.020005643368        4.62740854555186     
         790   142.200005650520        7.12812590630222     
         791   142.380005657673        10.4932895604019     
         792   142.560005664825        13.1835084979838     
         793   142.740005671978        14.7211148558372     
         794   142.920005679131        15.1737773099521     
         795   143.100005686283        14.8756055343233     
         796   143.280005693436        14.3915372311931     
         797   143.460005700588        14.3394074673243     
         798   143.640005707741        14.9360665345066     
         799   143.820005714893        15.8328143771271     
         800   144.000005722046        16.5083147603700     
         801   144.180005729198        16.6404309597763     
         802   144.360005736351        16.1989712214574     
         803   144.540005743504        15.4186709806133     
         804   144.720005750656        14.6708425784082     
         805   144.900005757809        14.1966376586839     
         806   145.080005764961        13.9780258029341     
         807   145.260005772114        13.8337088491506     
         808   145.440005779266        13.5305837896797     
         809   145.620005786419        12.9869584633991     
         810   145.800005793571        12.4709735573423     
         811   145.980005800724        12.3361236267936     
         812   146.160005807877        12.4155147966035     
         813   146.340005815029        12.2652649210490     
         814   146.520005822182        11.7810611896596     
         815   146.700005829334        11.3137701321611     
         816   146.880005836487        11.4283505366966     
         817   147.060005843639        12.3363144463779     
         818   147.240005850792        13.6129523303694     
         819   147.420005857944        14.6939266726819     
         820   147.600005865097        15.2930628727101     
         821   147.780005872250        15.4220729595885     
         822   147.960005879402        15.3006057357852     
         823   148.140005886555        15.2188971500098     
         824   148.320005893707        15.3538331141722     
         825   148.500005900860        15.6903807317316     
         826   148.680005908012        16.0910591039892     
         827   148.860005915165        16.3973294886669     
         828   149.040005922318        16.5252737042019     
         829   149.220005929470        16.5152085809848     
         830   149.400005936623        16.4737405405719     
         831   149.580005943775        16.4470270138234     
         832   149.760005950928        16.3878602439402     
         833   149.940005958080        16.2556613055179     
         834   150.120005965233        16.0916572167498     
         835   150.300005972385        15.9976076068735     
         836   150.480005979538        16.0745215771336     
         837   150.660005986691        16.3511579680506     
         838   150.840005993843        16.7263437097883     
         839   151.020006000996        17.0163086115842     
         840   151.200006008148        17.0858211031057     
         841   151.380006015301        16.9354880341382     
         842   151.560006022453        16.7053754436487     
         843   151.740006029606        16.6027239297099     
         844   151.920006036758        16.7660319574924     
         845   152.100006043911        17.1601995501476     
         846   152.280006051064        17.6144439340314     
         847   152.460006058216        17.9519653892150     
         848   152.640006065369        18.0851188334415     
         849   152.820006072521        18.0380758398328     
         850   153.000006079674        17.9142468014002     
         851   153.180006086826        17.8279950141119     
         852   153.360006093979        17.8410684586826     
         853   153.540006101131        17.9477135130901     
         854   153.720006108284        18.0998635125629     
         855   153.900006115437        18.2422856735059     
         856   154.080006122589        18.3459441478494     
         857   154.260006129742        18.4202344667750     
         858   154.440006136894        18.4869197356791     
         859   154.620006144047        18.5427143614226     
         860   154.800006151199        18.5605587398119     
         861   154.980006158352        18.5286734352865     
         862   155.160006165504        18.4781556292648     
         863   155.340006172657        18.4717788800693     
         864   155.520006179810        18.5669335602030     
         865   155.700006186962        18.7776045974394     
         866   155.880006194115        19.0566747784889     
         867   156.060006201267        19.3149421362902     
         868   156.240006208420        19.4693988601112     
         869   156.420006215572        19.4877632736074     
         870   156.600006222725        19.4050152090033     
         871   156.780006229877        19.3076051527682     
         872   156.960006237030        19.2896281590428     
         873   157.140006244183        19.3988577279554     
         874   157.320006251335        19.6084577342487     
         875   157.500006258488        19.8372792751961     
         876   157.680006265640        19.9996643742484     
         877   157.860006272793        20.0479826848061     
         878   158.040006279945        19.9892886635591     
         879   158.220006287098        19.8761628529415     
         880   158.400006294250        19.7786730029231     
         881   158.580006301403        19.7506900319101     
         882   158.760006308556        19.8081864590185     
         883   158.940006315708        19.9291451407595     
         884   159.120006322861        20.0713206757121     
         885   159.300006330013        20.1966986029632     
         886   159.480006337166        20.2889290820266     
         887   159.660006344318        20.3538866575064     
         888   159.840006351471        20.4059532187019     
         889   160.020006358624        20.4546288743994     
         890   160.200006365776        20.5035298255857     
         891   160.380006372929        20.5577100668537     
         892   160.560006380081        20.6266731381317     
         893   160.740006387234        20.7192318506235     
         894   160.920006394386        20.8367685511362     
         895   161.100006401539        20.9701030672358     
         896   161.280006408691        21.0996149604161     
         897   161.460006415844        21.1989636878527     
         898   161.640006422997        21.2444938401205     
         899   161.820006430149        21.2280062640368     
         900   162.000006437302        21.1654203303248     
         901   162.180006444454        21.0945945062079     
         902   162.360006451607        21.0610534846306     
         903   162.540006458759        21.0973388529529     
         904   162.720006465912        21.2068730720671     
         905   162.900006473064        21.3619796697832     
         906   163.080006480217        21.5172077294405     
         907   163.260006487370        21.6299702605182     
         908   163.440006494522        21.6780529430407     
         909   163.620006501675        21.6675278996034     
         910   163.800006508827        21.6294006725597     
         911   163.980006515980        21.6062720613665     
         912   164.160006523132        21.6333328886420     
         913   164.340006530285        21.7218979460899     
         914   164.520006537437        21.8543770437654     
         915   164.700006544590        21.9934098121436     
         916   164.880006551743        22.0991194137118     
         917   165.060006558895        22.1451111798368     
         918   165.240006566048        22.1271381797269     
         919   165.420006573200        22.0630774168966     
         920   165.600006580353        21.9856212564020     
         921   165.780006587505        21.9304966569759     
         922   165.960006594658        21.9241772310065     
         923   166.140006601810        21.9754953421999     
         924   166.320006608963        22.0743618522327     
         925   166.500006616116        22.1978332640520     
         926   166.680006623268        22.3201887923034     
         927   166.860006630421        22.4219116066825     
         928   167.040006637573        22.4940108759818     
         929   167.220006644726        22.5374956640314     
         930   167.400006651878        22.5602280113450     
         931   167.580006659031        22.5734422141322     
         932   167.760006666183        22.5886773333055     
         933   167.940006673336        22.6147925921937     
         934   168.120006680489        22.6553816047459     
         935   168.300006687641        22.7080274033744     
         936   168.480006694794        22.7662425128668     
         937   168.660006701946        22.8228554925217     
         938   168.840006709099        22.8726274238709     
         939   169.020006716251        22.9131653288965     
         940   169.200006723404        22.9449815887162     
         941   169.380006730556        22.9717402965548     
         942   169.560006737709        23.0004124081848     
         943   169.740006744862        23.0400656709841     
         944   169.920006752014        23.0987061931030     
         945   170.100006759167        23.1793909980901     
         946   170.280006766319        23.2778620285897     
         947   170.460006773472        23.3830902274465     
         948   170.640006780624        23.4803135085047     
         949   170.820006787777        23.5551532178744     
         950   171.000006794930        23.5975941031939     
         951   171.180006802082        23.6050928436623     
         952   171.360006809235        23.5841776766291     
         953   171.540006816387        23.5498166237417     
         954   171.720006823540        23.5220931945338     
         955   171.900006830692        23.5206213170793     
         956   172.080006837845        23.5583744079364     
         957   172.260006844997        23.6373247530992     
         958   172.440006852150        23.7477004999049     
         959   172.620006859303        23.8710231463707     
         960   172.800006866455        23.9855523048414     
         961   172.980006873608        24.0721980223661     
         962   173.160006880760        24.1192842502803     
         963   173.340006887913        24.1251974735519     
         964   173.520006895065        24.0985110899672     
         965   173.700006902218        24.0555856001726     
         966   173.880006909370        24.0161063927658     
         967   174.060006916523        23.9976564375436     
         968   174.240006923676        24.0109644781161     
         969   174.420006930828        24.0573930645431     
         970   174.600006937981        24.1293570823734     
         971   174.780006945133        24.2132057266175     
         972   174.960006952286        24.2933641428477     
         973   175.140006959438        24.3564440080713     
         974   175.320006966591        24.3943479298199     
         975   175.500006973743        24.4057982995791     
         976   175.680006980896        24.3960775634613     
         977   175.860006988049        24.3751021678461     
         978   176.040006995201        24.3543453401219     
         979   176.220007002354        24.3435295812498     
         980   176.400007009506        24.3481740221155     
         981   176.580007016659        24.3687449202925     
         982   176.760007023811        24.4014228465241     
         983   176.940007030964        24.4398572172926     
         984   177.120007038116        24.4771279466103     
         985   177.300007045269        24.5074026748160     
         986   177.480007052422        24.5270983395939     
         987   177.660007059574        24.5354828117978     
         988   177.840007066727        24.5346275442515     
         989   178.020007073879        24.5286383385923     
         990   178.200007081032        24.5222824247212     
         991   178.380007088184        24.5194397677875     
         992   178.560007095337        24.5219969797406     
         993   178.740007102489        24.5296399604537     
         994   178.920007109642        24.5405171890556     
         995   179.100007116795        24.5522791601511     
         996   179.280007123947        24.5629022236761     
         997   179.460007131100        24.5710086437113     
         998   179.640007138252        24.5758083054714     
         999   179.820007145405        24.5769811835297     
        1000   180.000007152557        24.5746919598417     
