           0  0.000000000000000E+000   24.5721633762445     
           1  0.180000007152557        24.5736433676521     
           2  0.360000014305115        24.5719060850722     
           3  0.540000021457672        24.5668069396509     
           4  0.720000028610229        24.5586715554410     
           5  0.900000035762787        24.5482779521133     
           6   1.08000004291534        24.5369737424940     
           7   1.26000005006790        24.5267383245486     
           8   1.44000005722046        24.5198689107811     
           9   1.62000006437302        24.5181616855888     
          10   1.80000007152557        24.5218744852356     
          11   1.98000007867813        24.5290635524667     
          12   2.16000008583069        24.5357913254196     
          13   2.34000009298325        24.5372354957145     
          14   2.52000010013580        24.5292436269856     
          15   2.70000010728836        24.5097134059922     
          16   2.88000011444092        24.4793678156180     
          17   3.06000012159348        24.4418042219510     
          18   3.24000012874603        24.4028889226611     
          19   3.42000013589859        24.3695874947722     
          20   3.60000014305115        24.3482989425971     
          21   3.78000015020370        24.3428889431566     
          22   3.96000015735626        24.3529352713332     
          23   4.14000016450882        24.3729634710734     
          24   4.32000017166138        24.3932981849387     
          25   4.50000017881393        24.4025142160574     
          26   4.68000018596649        24.3907395969719     
          27   4.86000019311905        24.3527274965539     
          28   5.04000020027161        24.2897774786534     
          29   5.22000020742416        24.2099913344738     
          30   5.40000021457672        24.1267414749234     
          31   5.58000022172928        24.0555656688472     
          32   5.76000022888184        24.0100584434099     
          33   5.94000023603439        23.9977347054839     
          34   6.12000024318695        24.0171558263671     
          35   6.30000025033951        24.0575204168210     
          36   6.48000025749207        24.1011842941502     
          37   6.66000026464462        24.1284164796849     
          38   6.84000027179718        24.1228263113884     
          39   7.02000027894974        24.0758231920906     
          40   7.20000028610229        23.9890149550965     
          41   7.38000029325485        23.8740850584438     
          42   7.56000030040741        23.7501476253936     
          43   7.74000030755997        23.6389862064228     
          44   7.92000031471252        23.5591386248501     
          45   8.10000032186508        23.5204439852039     
          46   8.28000032901764        23.5209954958704     
          47   8.46000033617020        23.5478773039305     
          48   8.64000034332275        23.5815242264335     
          49   8.82000035047531        23.6018948385286     
          50   9.00000035762787        23.5940580781190     
          51   9.18000036478043        23.5515160992079     
          52   9.36000037193298        23.4768317685876     
          53   9.54000037908554        23.3800242781116     
          54   9.72000038623810        23.2754582024754     
          55   9.90000039339066        23.1778642613805     
          56   10.0800004005432        23.0982244764019     
          57   10.2600004076958        23.0407337259511     
          58   10.4400004148483        23.0022531177923     
          59   10.6200004220009        22.9746753880382     
          60   10.8000004291534        22.9488190665145     
          61   10.9800004363060        22.9176037164384     
          62   11.1600004434586        22.8772834804826     
          63   11.3400004506111        22.8273115878734     
          64   11.5200004577637        22.7700984140261     
          65   11.7000004649162        22.7109393166655     
          66   11.8800004720688        22.6570817876334     
          67   12.0600004792213        22.6150960911589     
          68   12.2400004863739        22.5874870269218     
          69   12.4200004935265        22.5707574826274     
          70   12.6000005006790        22.5561527486366     
          71   12.7800005078316        22.5322357456207     
          72   12.9600005149841        22.4878538389254     
          73   13.1400005221367        22.4151913998249     
          74   13.3200005292892        22.3132487674936     
          75   13.5000005364418        22.1910016278286     
          76   13.6800005435944        22.0679439453732     
          77   13.8600005507469        21.9697748555617     
          78   14.0400005578995        21.9194137183397     
          79   14.2200005650520        21.9269129520791     
          80   14.4000005722046        21.9833866829657     
          81   14.5800005793571        22.0623002107567     
          82   14.7600005865097        22.1278753792351     
          83   14.9400005936623        22.1473903436771     
          84   15.1200006008148        22.1029562521802     
          85   15.3000006079674        21.9988062237379     
          86   15.4800006151199        21.8612928250591     
          87   15.6600006222725        21.7302031503427     
          88   15.8400006294250        21.6427637036962     
          89   16.0200006365776        21.6164203268592     
          90   16.2000006437302        21.6397501304608     
          91   16.3800006508827        21.6775155452860     
          92   16.5600006580353        21.6871169019507     
          93   16.7400006651878        21.6375663103395     
          94   16.9200006723404        21.5228123038807     
          95   17.1000006794930        21.3651152705149     
          96   17.2800006866455        21.2071774422999     
          97   17.4600006937981        21.0946555478507     
          98   17.6400007009506        21.0554819419959     
          99   17.8200007081032        21.0864543510218     
         100   18.0000007152557        21.1551541114589     
         101   18.1800007224083        21.2160903034768     
         102   18.3600007295609        21.2314036056131     
         103   18.5400007367134        21.1851850243099     
         104   18.7200007438660        21.0856562946522     
         105   18.9000007510185        20.9564687384461     
         106   19.0800007581711        20.8238985706920     
         107   19.2600007653236        20.7074591684987     
         108   19.4400007724762        20.6162389302174     
         109   19.6200007796288        20.5488214468876     
         110   19.8000007867813        20.4964134658496     
         111   19.9800007939339        20.4495493927964     
         112   20.1600008010864        20.4031894445669     
         113   20.3400008082390        20.3536785233853     
         114   20.5200008153915        20.2914317057130     
         115   20.7000008225441        20.2019795503645     
         116   20.8800008296967        20.0793914066219     
         117   21.0600008368492        19.9399806255126     
         118   21.2400008440018        19.8216965955404     
         119   21.4200008511543        19.7666371311518     
         120   21.6000008583069        19.7965754101373     
         121   21.7800008654594        19.8952838893956     
         122   21.9600008726120        20.0087772124885     
         123   22.1400008797646        20.0670697249703     
         124   22.3200008869171        20.0177486679886     
         125   22.5000008940697        19.8538604082293     
         126   22.6800009012222        19.6230108991830     
         127   22.8600009083748        19.4107778209839     
         128   23.0400009155273        19.2983162713715     
         129   23.2200009226799        19.3126322918649     
         130   23.4000009298325        19.4061853204412     
         131   23.5800009369850        19.4849953567461     
         132   23.7600009441376        19.4625478749874     
         133   23.9400009512901        19.3037321666307     
         134   24.1200009584427        19.0408438531036     
         135   24.3000009655952        18.7572273139625     
         136   24.4800009727478        18.5426754129560     
         137   24.6600009799004        18.4447873745428     
         138   24.8400009870529        18.4496799686374     
         139   25.0200009942055        18.4998282000567     
         140   25.2000010013580        18.5324273486361     
         141   25.3800010085106        18.5166106096272     
         142   25.5600010156631        18.4644350750764     
         143   25.7400010228157        18.4028150313784     
         144   25.9200010299683        18.3342995881917     
         145   26.1000010371208        18.2362824953519     
         146   26.2800010442734        18.0989744605353     
         147   26.4600010514259        17.9515188792293     
         148   26.6400010585785        17.8494428768944     
         149   26.8200010657310        17.8409064373197     
         150   27.0000010728836        17.9313703492502     
         151   27.1800010800362        18.0586935264160     
         152   27.3600010871887        18.1084862472937     
         153   27.5400010943413        17.9777018326012     
         154   27.7200011014938        17.6425493291797     
         155   27.9000011086464        17.1907199427710     
         156   28.0800011157990        16.7985884539959     
         157   28.2600011229515        16.6363161964986     
         158   28.4400011301041        16.7388688131880     
         159   28.6200011372566        16.9683849001339     
         160   28.8000011444092        17.1184532635208     
         161   28.9800011515617        17.0493593494229     
         162   29.1600011587143        16.7600717952140     
         163   29.3400011658669        16.3846858105794     
         164   29.5200011730194        16.1059519030008     
         165   29.7000011801720        16.0252698214854     
         166   29.8800011873245        16.1148540171804     
         167   30.0600011944771        16.2738967298594     
         168   30.2400012016296        16.3997986199267     
         169   30.4200012087822        16.4503335502123     
         170   30.6000012159348        16.4661868963273     
         171   30.7800012230873        16.4964928315919     
         172   30.9600012302399        16.4973276262349     
         173   31.1400012373924        16.3625263965831     
         174   31.3200012445450        16.0507166970406     
         175   31.5000012516975        15.6444805991775     
         176   31.6800012588501        15.3013105410115     
         177   31.8600012660027        15.1586877742687     
         178   32.0400012731552        15.2331268340090     
         179   32.2200012803078        15.3486600803833     
         180   32.4000012874603        15.2135954295881     
         181   32.5800012946129        14.6058460709508     
         182   32.7600013017654        13.5125097329204     
         183   32.9400013089180        12.2225260038736     
         184   33.1200013160706        11.3088331918411     
         185   33.3000013232231        11.2015048892905     
         186   33.4800013303757        11.6817202907697     
         187   33.6600013375282        12.1768726262845     
         188   33.8400013446808        12.3367588648774     
         189   34.0200013518333        12.2734253125362     
         190   34.2000013589859        12.4367683157061     
         191   34.3800013661385        12.9832650056112     
         192   34.5600013732910        13.5473939601527     
         193   34.7400013804436        13.8619019404393     
         194   34.9200013875961        14.0141494618987     
         195   35.1000013947487        14.2431488970232     
         196   35.2800014019012        14.7319558456465     
         197   35.4600014090538        15.4928751362905     
         198   35.6400014162064        16.2799136314046     
         199   35.8200014233589        16.7242971710746     
         200   36.0000014305115        16.5957827695968     
         201   36.1800014376640        15.9265463627366     
         202   36.3600014448166        15.0372357776721     
         203   36.5400014519691        14.4443389587646     
         204   36.7200014591217        14.4920590055714     
         205   36.9000014662743        14.9654689277970     
         206   37.0800014734268        15.2532392105552     
         207   37.2600014805794        14.7947932539337     
         208   37.4400014877319        13.2573977460315     
         209   37.6200014948845        10.5731622477530     
         210   37.8000015020370        7.21518275808925     
         211   37.9800015091896        4.70619125204613     
         212   38.1600015163422        4.46003735515465     
         213   38.3400015234947        5.17712681934150     
         214   38.5200015306473        4.33140858774606     
         215   38.7000015377998       -1.43127378013996     
         216   38.8800015449524       -6.59362124669724     
         217   39.0600015521049        5.07624189208656     
         218   39.2400015592575        8.27522525435615     
         219   39.4200015664101        8.59961031997494     
         220   39.6000015735626        7.94365110476595     
         221   39.7800015807152        8.21075353316050     
         222   39.9600015878677        9.40091450679709     
         223   40.1400015950203        11.1182425471427     
         224   40.3200016021729        13.0695185988891     
         225   40.5000016093254        14.3573159024964     
         226   40.6800016164780        14.6441168651724     
         227   40.8600016236305        14.5494742406964     
         228   41.0400016307831        14.9433688133317     
         229   41.2200016379356        15.4707124432582     
         230   41.4000016450882        15.5080448313685     
         231   41.5800016522408        15.3808254652749     
         232   41.7600016593933        15.5102943367375     
         233   41.9400016665459        15.5491252118507     
         234   42.1200016736984        15.6611523300669     
         235   42.3000016808510        16.5244934220444     
         236   42.4800016880035        17.2454899038512     
         237   42.6600016951561        16.5392047613919     
         238   42.8400017023087        14.3026431240692     
         239   43.0200017094612        12.9483659936275     
         240   43.2000017166138        13.2401702262012     
         241   43.3800017237663        12.1082787466232     
         242   43.5600017309189        12.0933035703558     
         243   43.7400017380714        14.4092765322843     
         244   43.9200017452240        12.9028540837197     
         245   44.1000017523766        10.4259559063030     
         246   44.2800017595291        21.2473107120363     
         247   44.4600017666817        26.4822983395707     
         248   44.6400017738342        28.6095022509687     
         249   44.8200017809868        28.2906580229407     
         250   45.0000017881393        25.1091821982924     
         251   45.1800017952919        15.9262868545955     
         252   45.3600018024445        15.9051689505042     
         253   45.5400018095970        21.9766755545885     
         254   45.7200018167496        22.0024545225904     
         255   45.9000018239021        17.8055374888502     
         256   46.0800018310547        11.4160216121611     
         257   46.2600018382072        16.1899456822006     
         258   46.4400018453598        17.7235571884356     
         259   46.6200018525124        16.0493577911712     
         260   46.8000018596649        13.5947869775111     
         261   46.9800018668175        13.2436195538854     
         262   47.1600018739700        13.7077115550467     
         263   47.3400018811226        15.0869323611673     
         264   47.5200018882751        16.7471657345712     
         265   47.7000018954277        17.0163198663008     
         266   47.8800019025803        15.4867377198542     
         267   48.0600019097328        13.0094840880009     
         268   48.2400019168854        11.6930480763378     
         269   48.4200019240379        11.1455389268499     
         270   48.6000019311905        10.2425645607325     
         271   48.7800019383430        9.69144142275933     
         272   48.9600019454956        8.49240535574323     
         273   49.1400019526482        4.64491053169048     
         274   49.3200019598007        4.02182092793969     
         275   49.5000019669533        8.45635012722656     
         276   49.6800019741058        9.62515951020168     
         277   49.8600019812584        7.87321287598984     
         278   50.0400019884109        4.42108388597241     
         279   50.2200019955635        3.60361834052177     
         280   50.4000020027161        6.37234145282293     
         281   50.5800020098686        9.54406459153808     
         282   50.7600020170212        11.5359874158652     
         283   50.9400020241737        11.7955732295295     
         284   51.1200020313263        10.4347247478168     
         285   51.3000020384789        8.46291211224109     
         286   51.4800020456314        7.62927232445924     
         287   51.6600020527840        7.76527313337808     
         288   51.8400020599365        8.20390976737600     
         289   52.0200020670891        8.61722809084266     
         290   52.2000020742416        8.02968404925752     
         291   52.3800020813942        5.90981575336460     
         292   52.5600020885468        3.70889618683177     
         293   52.7400020956993        3.59228687091889     
         294   52.9200021028519        3.03329316439060     
         295   53.1000021100044        1.31267853288263     
         296   53.2800021171570        1.21830705279548     
         297   53.4600021243095        1.34707575766787     
         298   53.6400021314621       -1.47707396123811     
         299   53.8200021386147       -8.19485766138394     
         300   54.0000021457672       -8.51621052636986     
         301   54.1800021529198       -7.70920866822339     
         302   54.3600021600723       -2.33094417287873     
         303   54.5400021672249        2.67211381703695     
         304   54.7200021743774        4.36393144337877     
         305   54.9000021815300        3.25299180947436     
         306   55.0800021886826      -5.479692449732058E-002
         307   55.2600021958351       -2.38094562620447     
         308   55.4400022029877       -1.07462887029529     
         309   55.6200022101402        1.33387125034330     
         310   55.8000022172928        3.43514816737874     
         311   55.9800022244453        3.90044916691884     
         312   56.1600022315979        2.09061731693929     
         313   56.3400022387505       -1.69444466603281     
         314   56.5200022459030       -3.54445019805237     
         315   56.7000022530556       -3.28581425947036     
         316   56.8800022602081       -3.24554437965397     
         317   57.0600022673607       -1.18831900974133     
         318   57.2400022745132       0.129724971440063     
         319   57.4200022816658       -1.31506667452352     
         320   57.6000022888184       -5.91036984229456     
         321   57.7800022959709       -7.71534370371058     
         322   57.9600023031235       -4.20350008511939     
         323   58.1400023102760       -1.27860129345664     
         324   58.3200023174286        1.03504074940425     
         325   58.5000023245811        1.81565310456379     
         326   58.6800023317337        1.17545129292124     
         327   58.8600023388863        1.70094025943138     
         328   59.0400023460388        4.08672907868205     
         329   59.2200023531914        5.63347232769757     
         330   59.4000023603439        5.71632258445299     
         331   59.5800023674965        4.69894293244963     
         332   59.7600023746490        3.32002289278769     
         333   59.9400023818016        2.83878177073072     
         334   60.1200023889542        3.70919310641629     
         335   60.3000023961067        4.29057831951842     
         336   60.4800024032593        2.98527452804830     
         337   60.6600024104118       -2.03563398905326     
         338   60.8400024175644       -11.3015001919486     
         339   61.0200024247169      -0.906419506886365     
         340   61.2000024318695        2.46023335102213     
         341   61.3800024390221        3.15589196054876     
         342   61.5600024461746        3.33182932043618     
         343   61.7400024533272        4.65180151683666     
         344   61.9200024604797        6.70883039056319     
         345   62.1000024676323        8.30848900194021     
         346   62.2800024747849        8.96072479805377     
         347   62.4600024819374        8.72939653458358     
         348   62.6400024890900        8.26133223964987     
         349   62.8200024962425        8.44659446226881     
         350   63.0000025033951        9.09581669798714     
         351   63.1800025105476        9.40522718181022     
         352   63.3600025177002        9.11772423287277     
         353   63.5400025248528        8.53214260829177     
         354   63.7200025320053        8.33279764688484     
         355   63.9000025391579        8.96532015499371     
         356   64.0800025463104        9.91647251257261     
         357   64.2600025534630        10.4496162151654     
         358   64.4400025606155        10.2890377579492     
         359   64.6200025677681        9.59680399971054     
         360   64.8000025749207        8.88847202163368     
         361   64.9800025820732        8.79819020216410     
         362   65.1600025892258        9.48139114571604     
         363   65.3400025963783        10.4249461243385     
         364   65.5200026035309        11.0438834201978     
         365   65.7000026106834        11.0892834553239     
         366   65.8800026178360        10.6913723552698     
         367   66.0600026249886        10.3262724365353     
         368   66.2400026321411        10.5245865554463     
         369   66.4200026392937        11.2957317937287     
         370   66.6000026464462        12.1749754664263     
         371   66.7800026535988        12.7645873420802     
         372   66.9600026607513        12.9538337660080     
         373   67.1400026679039        12.9116299667998     
         374   67.3200026750565        12.9679112692369     
         375   67.5000026822090        13.3237151882860     
         376   67.6800026893616        13.8706390335189     
         377   67.8600026965141        14.3668339421857     
         378   68.0400027036667        14.6450958426828     
         379   68.2200027108192        14.6890663428255     
         380   68.4000027179718        14.6472681326153     
         381   68.5800027251244        14.7422469861774     
         382   68.7600027322769        15.0733283906035     
         383   68.9400027394295        15.5582906562711     
         384   69.1200027465820        16.0757327779350     
         385   69.3000027537346        16.5623036630583     
         386   69.4800027608871        17.0213264250202     
         387   69.6600027680397        17.5121561331410     
         388   69.8400027751923        18.0979732064292     
         389   70.0200027823448        18.7679047639408     
         390   70.2000027894974        19.4316391668718     
         391   70.3800027966499        19.9874156671258     
         392   70.5600028038025        20.3749510206814     
         393   70.7400028109550        20.5896637433147     
         394   70.9200028181076        20.6756847047991     
         395   71.1000028252602        20.6940393981327     
         396   71.2800028324127        20.6716676124058     
         397   71.4600028395653        20.5784267592634     
         398   71.6400028467178        20.3591050973471     
         399   71.8200028538704        19.9800409170903     
         400   72.0000028610229        19.4518579950199     
         401   72.1800028681755        18.8327935582601     
         402   72.3600028753281        18.2124089032580     
         403   72.5400028824806        17.6528929331337     
         404   72.7200028896332        17.1211251043780     
         405   72.9000028967857        16.5109889685365     
         406   73.0800029039383        15.7587063093315     
         407   73.2600029110909        14.9590329780272     
         408   73.4400029182434        14.4068181705598     
         409   73.6200029253960        14.4148636915709     
         410   73.8000029325485        14.9535076098712     
         411   73.9800029397011        15.6942184336581     
         412   74.1600029468536        16.3916663889824     
         413   74.3400029540062        17.0277034855921     
         414   74.5200029611588        17.7207552960418     
         415   74.7000029683113        18.5620042972051     
         416   74.8800029754639        19.5047319116413     
         417   75.0600029826164        20.4034764420938     
         418   75.2400029897690        21.1264356656213     
         419   75.4200029969215        21.6214126711851     
         420   75.6000030040741        21.9210144850430     
         421   75.7800030112267        22.1102880734385     
         422   75.9600030183792        22.2706590719942     
         423   76.1400030255318        22.4307411505692     
         424   76.3200030326843        22.5631944915195     
         425   76.5000030398369        22.6225340199112     
         426   76.6800030469894        22.5842817048353     
         427   76.8600030541420        22.4634222926082     
         428   77.0400030612946        22.3083882412444     
         429   77.2200030684471        22.1696212395058     
         430   77.4000030755997        22.0602151875272     
         431   77.5800030827522        21.9468256608419     
         432   77.7600030899048        21.7819837488163     
         433   77.9400030970573        21.5451949244409     
         434   78.1200031042099        21.2633344374592     
         435   78.3000031113625        21.0032917600666     
         436   78.4800031185150        20.8363807749782     
         437   78.6600031256676        20.7892368516017     
         438   78.8400031328201        20.8226326500074     
         439   79.0200031399727        20.8602907691527     
         440   79.2000031471252        20.8367502796645     
         441   79.3800031542778        20.7291261283494     
         442   79.5600031614304        20.5650934709845     
         443   79.7400031685829        20.4049628115904     
         444   79.9200031757355        20.2984503289069     
         445   80.1000031828880        20.2467512143666     
         446   80.2800031900406        20.2121921301657     
         447   80.4600031971931        20.1656471963503     
         448   80.6400032043457        20.1225852370013     
         449   80.8200032114983        20.1404516817489     
         450   81.0000032186508        20.2778292439654     
         451   81.1800032258034        20.5392292218048     
         452   81.3600032329559        20.8578726485750     
         453   81.5400032401085        21.1414308340509     
         454   81.7200032472610        21.3354995783605     
         455   81.9000032544136        21.4540309826853     
         456   82.0800032615662        21.5672846129606     
         457   82.2600032687187        21.7585053071911     
         458   82.4400032758713        22.0705448833247     
         459   82.6200032830238        22.4761354056403     
         460   82.8000032901764        22.8939150765768     
         461   82.9800032973289        23.2342180757158     
         462   83.1600033044815        23.4402146204368     
         463   83.3400033116341        23.5063309596324     
         464   83.5200033187866        23.4743556354821     
         465   83.7000033259392        23.4116304050321     
         466   83.8800033330917        23.3771050040586     
         467   84.0600033402443        23.3897637997892     
         468   84.2400033473969        23.4195462873738     
         469   84.4200033545494        23.4073925195557     
         470   84.6000033617020        23.2995187058891     
         471   84.7800033688545        23.0760063327198     
         472   84.9600033760071        22.7631596381708     
         473   85.1400033831596        22.4257918232769     
         474   85.3200033903122        22.1390781812723     
         475   85.5000033974648        21.9513764405201     
         476   85.6800034046173        21.8634583507458     
         477   85.8600034117699        21.8401884772628     
         478   86.0400034189224        21.8425651814060     
         479   86.2200034260750        21.8563553069146     
         480   86.4000034332275        21.9017982690437     
         481   86.5800034403801        22.0197388443908     
         482   86.7600034475327        22.2430248825919     
         483   86.9400034546852        22.5753434895567     
         484   87.1200034618378        22.9924384526867     
         485   87.3000034689903        23.4570688749479     
         486   87.4800034761429        23.9326992429114     
         487   87.6600034832954        24.3920763216363     
         488   87.8400034904480        24.8214293474208     
         489   88.0200034976006        25.2188055213473     
         490   88.2000035047531        25.5871665667882     
         491   88.3800035119057        25.9275290852793     
         492   88.5600035190582        26.2367649211984     
         493   88.7400035262108        26.5092440734229     
         494   88.9200035333633        26.7389729930563     
         495   89.1000035405159        26.9212967837192     
         496   89.2800035476685        27.0549294469793     
         497   89.4600035548210        27.1433592590242     
         498   89.6400035619736        27.1935775238283     
         499   89.8200035691261        27.2125498771638     
         500   90.0000035762787        27.2045849424982     
         501   90.1800035834312        27.1714092094478     
         502   90.3600035905838        27.1132045526816     
         503   90.5400035977364        27.0285451505565     
         504   90.7200036048889        26.9141240686986     
         505   90.9000036120415        26.7661267806774     
         506   91.0800036191940        26.5825855852000     
         507   91.2600036263466        26.3644793094818     
         508   91.4400036334991        26.1150977645921     
         509   91.6200036406517        25.8387932956748     
         510   91.8000036478043        25.5390763334940     
         511   91.9800036549568        25.2154001301112     
         512   92.1600036621094        24.8610117484864     
         513   92.3400036692619        24.4663893952206     
         514   92.5200036764145        24.0283852832201     
         515   92.7000036835670        23.5586008463434     
         516   92.8800036907196        23.0844911452413     
         517   93.0600036978722        22.6429077342902     
         518   93.2400037050247        22.2696949042997     
         519   93.4200037121773        21.9871160900094     
         520   93.6000037193298        21.7923312969579     
         521   93.7800037264824        21.6579581912317     
         522   93.9600037336349        21.5519386686510     
         523   94.1400037407875        21.4648471532605     
         524   94.3200037479401        21.4240078734139     
         525   94.5000037550926        21.4828696769758     
         526   94.6800037622452        21.6873705240993     
         527   94.8600037693977        22.0371506406704     
         528   95.0400037765503        22.4727663176579     
         529   95.2200037837029        22.9031434418907     
         530   95.4000037908554        23.2497058725416     
         531   95.5800037980080        23.4758035722411     
         532   95.7600038051605        23.5917673447424     
         533   95.9400038123131        23.6402911569813     
         534   96.1200038194656        23.6688876217484     
         535   96.3000038266182        23.6998977575719     
         536   96.4800038337708        23.7142679044742     
         537   96.6600038409233        23.6600895639415     
         538   96.8400038480759        23.4802377644836     
         539   97.0200038552284        23.1434031526889     
         540   97.2000038623810        22.6665653033594     
         541   97.3800038695335        22.1219921059178     
         542   97.5600038766861        21.6201841133196     
         543   97.7400038838387        21.2630384816721     
         544   97.9200038909912        21.0859400768445     
         545   98.1000038981438        21.0349848232436     
         546   98.2800039052963        21.0043478249947     
         547   98.4600039124489        20.9034123139060     
         548   98.6400039196014        20.7073974041652     
         549   98.8200039267540        20.4675481401176     
         550   99.0000039339066        20.2731390003361     
         551   99.1800039410591        20.1820370972215     
         552   99.3600039482117        20.1791952445965     
         553   99.5400039553642        20.2036573052886     
         554   99.7200039625168        20.2056242617136     
         555   99.9000039696693        20.1812475429238     
         556   100.080003976822        20.1712390583818     
         557   100.260003983974        20.2261098141968     
         558   100.440003991127        20.3581373067872     
         559   100.620003998280        20.5245097342652     
         560   100.800004005432        20.6595925330811     
         561   100.980004012585        20.7212490970804     
         562   101.160004019737        20.7172876505118     
         563   101.340004026890        20.7052787725462     
         564   101.520004034042        20.7629952802363     
         565   101.700004041195        20.9354346231943     
         566   101.880004048347        21.1996473550618     
         567   102.060004055500        21.4857715638616     
         568   102.240004062653        21.7291292350164     
         569   102.420004069805        21.9057168030035     
         570   102.600004076958        22.0369032345614     
         571   102.780004084110        22.1674325584342     
         572   102.960004091263        22.3258647909409     
         573   103.140004098415        22.4958709578508     
         574   103.320004105568        22.6274716325311     
         575   103.500004112720        22.6757669960494     
         576   103.680004119873        22.6308573637062     
         577   103.860004127026        22.5223820015483     
         578   104.040004134178        22.3990804444089     
         579   104.220004141331        22.2879422726420     
         580   104.400004148483        22.1573271432236     
         581   104.580004155636        21.9231016210020     
         582   104.760004162788        21.4986749577145     
         583   104.940004169941        20.8481557365679     
         584   105.120004177094        20.0141813841175     
         585   105.300004184246        19.1099467294718     
         586   105.480004191399        18.2582459941125     
         587   105.660004198551        17.4933249964911     
         588   105.840004205704        16.7293346271577     
         589   106.020004212856        15.8652145489524     
         590   106.200004220009        14.9514022519498     
         591   106.380004227161        14.2907180789424     
         592   106.560004234314        14.2509365642194     
         593   106.740004241467        14.8179565127235     
         594   106.920004248619        15.6276779761636     
         595   107.100004255772        16.3868139816749     
         596   107.280004262924        17.0137585414873     
         597   107.460004270077        17.5694641377814     
         598   107.640004277229        18.1468690058534     
         599   107.820004284382        18.7718241052404     
         600   108.000004291534        19.3849106296996     
         601   108.180004298687        19.8993851874031     
         602   108.360004305840        20.2538053745455     
         603   108.540004312992        20.4315010560243     
         604   108.720004320145        20.4635667837980     
         605   108.900004327297        20.4111310509028     
         606   109.080004334450        20.3184187579719     
         607   109.260004341602        20.1733762631246     
         608   109.440004348755        19.9242078497887     
         609   109.620004355907        19.5313539107668     
         610   109.800004363060        19.0029670073769     
         611   109.980004370213        18.4032739336428     
         612   110.160004377365        17.8359314295102     
         613   110.340004384518        17.3845942091305     
         614   110.520004391670        17.0432465721867     
         615   110.700004398823        16.7307351819007     
         616   110.880004405975        16.3729332330687     
         617   111.060004413128        15.9475656699827     
         618   111.240004420280        15.4878731206445     
         619   111.420004427433        15.0821381200461     
         620   111.600004434586        14.8128427744107     
         621   111.780004441738        14.6309712220656     
         622   111.960004448891        14.3561468504450     
         623   112.140004456043        13.8292675995690     
         624   112.320004463196        13.0218393447840     
         625   112.500004470348        12.0745401467273     
         626   112.680004477501        11.3108387522287     
         627   112.860004484653        11.0199469305516     
         628   113.040004491806        11.0341189518071     
         629   113.220004498959        10.8919039474178     
         630   113.400004506111        10.3637813147831     
         631   113.580004513264        9.65308085310265     
         632   113.760004520416        9.30778061674411     
         633   113.940004527569        9.69203391681183     
         634   114.120004534721        10.4836906265073     
         635   114.300004541874        11.0871697565497     
         636   114.480004549026        11.1368982898844     
         637   114.660004556179        10.5829397237331     
         638   114.840004563332        9.69072368348853     
         639   115.020004570484        9.00771545635330     
         640   115.200004577637        9.02699733283069     
         641   115.380004584789        9.65611286396701     
         642   115.560004591942        10.3024722543369     
         643   115.740004599094        10.4263453097223     
         644   115.920004606247        9.81051979616492     
         645   116.100004613400        8.65567627028588     
         646   116.280004620552        7.73048574999075     
         647   116.460004627705        7.85065477652382     
         648   116.640004634857        8.65431423402784     
         649   116.820004642010        9.24676493299408     
         650   117.000004649162        9.20558271872541     
         651   117.180004656315        8.71142435168377     
         652   117.360004663467        8.47779116190769     
         653   117.540004670620        8.80155232063349     
         654   117.720004677773        8.95853271481618     
         655   117.900004684925        8.28302395609526     
         656   118.080004692078        6.59530302121301     
         657   118.260004699230        4.14904689607713     
         658   118.440004706383        2.08037927391808     
         659   118.620004713535        1.59783747547439     
         660   118.800004720688        1.00108914306920     
         661   118.980004727840       -2.45617832896775     
         662   119.160004734993       -10.7598144659441     
         663   119.340004742146       -1.26246467726944     
         664   119.520004749298        3.09266107345469     
         665   119.700004756451        4.11777078088112     
         666   119.880004763603        3.43640150909461     
         667   120.060004770756        2.99659939009756     
         668   120.240004777908        4.19593885576356     
         669   120.420004785061        5.84214299290085     
         670   120.600004792213        6.89452986440953     
         671   120.780004799366        6.98153431289035     
         672   120.960004806519        6.06469081053653     
         673   121.140004813671        4.84046169802057     
         674   121.320004820824        4.45428375706899     
         675   121.500004827976        4.30563242992844     
         676   121.680004835129        3.18700803881277     
         677   121.860004842281        1.17909736142309     
         678   122.040004849434      -0.929129314384418     
         679   122.220004856586       -4.00097658611019     
         680   122.400004863739       -8.63473517826867     
         681   122.580004870892       -5.93917044213736     
         682   122.760004878044       -4.08429913445163     
         683   122.940004885197       -6.16814772796957     
         684   123.120004892349       -7.19444985393995     
         685   123.300004899502       -5.13725659236082     
         686   123.480004906654       -7.66776431211701     
         687   123.660004913807       -9.12687460738615     
         688   123.840004920959       -1.23839513794196     
         689   124.020004928112        1.49040042131551     
         690   124.200004935265       0.848608896957219     
         691   124.380004942417       -1.99855167010956     
         692   124.560004949570       -4.58640266380315     
         693   124.740004956722       -5.49390156640619     
         694   124.920004963875       -1.99509933360691     
         695   125.100004971027        2.18465248504347     
         696   125.280004978180        3.62656895819061     
         697   125.460004985332        2.12889536692612     
         698   125.640004992485       -2.08162165493007     
         699   125.820004999638       -4.58047997652941     
         700   126.000005006790       -5.06874157942071     
         701   126.180005013943       -6.60376385965940     
         702   126.360005021095       -1.76661907741749     
         703   126.540005028248        1.00057135958339     
         704   126.720005035400       0.919822905137855     
         705   126.900005042553        1.20958514274509     
         706   127.080005049706        3.02492621398774     
         707   127.260005056858        3.55339189320265     
         708   127.440005064011        3.72664268754274     
         709   127.620005071163        6.12899913544435     
         710   127.800005078316        8.38149873998989     
         711   127.980005085468        9.08470542215655     
         712   128.160005092621        8.76460392006338     
         713   128.340005099773        8.34465440851750     
         714   128.520005106926        8.24205833306508     
         715   128.700005114079        9.08678001240402     
         716   128.880005121231        10.9100232100813     
         717   129.060005128384        12.1192641350251     
         718   129.240005135536        11.7494996692727     
         719   129.420005142689        9.63666058683038     
         720   129.600005149841        6.25272982297219     
         721   129.780005156994        3.15729065951426     
         722   129.960005164146        3.83901942228551     
         723   130.140005171299        7.43556147248195     
         724   130.320005178452        9.25208672859198     
         725   130.500005185604        8.07608373674716     
         726   130.680005192757        3.89524505716771     
         727   130.860005199909        5.36106542914367     
         728   131.040005207062        9.03170076330280     
         729   131.220005214214        10.1970549158025     
         730   131.400005221367        10.7626774119684     
         731   131.580005228519        11.6657533467651     
         732   131.760005235672        12.2675003705997     
         733   131.940005242825        13.5427140905949     
         734   132.120005249977        15.8649105858469     
         735   132.300005257130        17.3313664837424     
         736   132.480005264282        17.0991051178579     
         737   132.660005271435        15.5412982739944     
         738   132.840005278587        14.1757512579048     
         739   133.020005285740        13.6436963926937     
         740   133.200005292892        14.0051479995782     
         741   133.380005300045        16.3763148930021     
         742   133.560005307198        17.9804405172303     
         743   133.740005314350        16.4565820814082     
         744   133.920005321503        11.5068422147582     
         745   134.100005328655        17.6447917301671     
         746   134.280005335808        21.9081547411057     
         747   134.460005342960        21.8990783130108     
         748   134.640005350113        15.8093261862383     
         749   134.820005357265        16.0874565702073     
         750   135.000005364418        25.1555062366104     
         751   135.180005371571        28.3212144279920     
         752   135.360005378723        28.6398804651002     
         753   135.540005385876        26.5245856097869     
         754   135.720005393028        21.3367810252612     
         755   135.900005400181        10.8210683581570     
         756   136.080005407333        12.8894662328803     
         757   136.260005414486        14.3618358806249     
         758   136.440005421638        12.0756563250473     
         759   136.620005428791        12.1173458711733     
         760   136.800005435944        13.1908535577420     
         761   136.980005443096        12.8109962740321     
         762   137.160005450249        14.1865990917826     
         763   137.340005457401        16.4938346144081     
         764   137.520005464554        17.2302705591637     
         765   137.700005471706        16.5094829220856     
         766   137.880005478859        15.6208985136215     
         767   138.060005486012        15.4984664688291     
         768   138.240005493164        15.4954053526307     
         769   138.420005500317        15.4392287077977     
         770   138.600005507469        15.6293060298939     
         771   138.780005514622        15.6169880853280     
         772   138.960005521774        15.0899763153354     
         773   139.140005528927        14.6727147006158     
         774   139.320005536079        14.7383313860798     
         775   139.500005543232        14.4407651057690     
         776   139.680005550385        13.1525303270986     
         777   139.860005557537        11.1805490091043     
         778   140.040005564690        9.39237243209922     
         779   140.220005571842        8.11432025606412     
         780   140.400005578995        7.80049350907717     
         781   140.580005586147        8.45428347354797     
         782   140.760005593300        8.10283251722357     
         783   140.940005600452        4.77620629798602     
         784   141.120005607605       -8.02567856764523     
         785   141.300005614758      -0.658930507575780     
         786   141.480005621910        4.75218705318853     
         787   141.660005629063        5.53980515360849     
         788   141.840005636215        4.78381927760299     
         789   142.020005643368        4.90060311016924     
         790   142.200005650520        7.25039700492098     
         791   142.380005657673        10.5197784814372     
         792   142.560005664825        13.1612378150758     
         793   142.740005671978        14.6682224888363     
         794   142.920005679131        15.0944095055763     
         795   143.100005686283        14.7695586263975     
         796   143.280005693436        14.2607986615817     
         797   143.460005700588        14.1910392101095     
         798   143.640005707741        14.7809132161616     
         799   143.820005714893        15.6820034288443     
         800   144.000005722046        16.3679285031745     
         801   144.180005729198        16.5114185814113     
         802   144.360005736351        16.0810030740917     
         803   144.540005743504        15.3125931811234     
         804   144.720005750656        14.5782464196057     
         805   144.900005757809        14.1205140212191     
         806   145.080005764961        13.9260175205488     
         807   145.260005772114        13.8136523370111     
         808   145.440005779266        13.5403466706765     
         809   145.620005786419        13.0083472676335     
         810   145.800005793571        12.4688435092466     
         811   145.980005800724        12.2822739429478     
         812   146.160005807877        12.3161125133592     
         813   146.340005815029        12.1393824346574     
         814   146.520005822182        11.6399616938469     
         815   146.700005829334        11.1617780513571     
         816   146.880005836487        11.2745320412309     
         817   147.060005843639        12.2024427062773     
         818   147.240005850792        13.5153891442319     
         819   147.420005857944        14.6339554696184     
         820   147.600005865097        15.2668231509589     
         821   147.780005872250        15.4279350142322     
         822   147.960005879402        15.3401792131226     
         823   148.140005886555        15.2945064961518     
         824   148.320005893707        15.4652628558988     
         825   148.500005900860        15.8333758352320     
         826   148.680005908012        16.2585205475497     
         827   148.860005915165        16.5823825529816     
         828   149.040005922318        16.7224144817702     
         829   149.220005929470        16.7181128763091     
         830   149.400005936623        16.6741319368849     
         831   149.580005943775        16.6381955999331     
         832   149.760005950928        16.5676489974247     
         833   149.940005958080        16.4238307089904     
         834   150.120005965233        16.2458836385123     
         835   150.300005972385        16.1333852224722     
         836   150.480005979538        16.1889468991991     
         837   150.660005986691        16.4465626139552     
         838   150.840005993843        16.8099997065071     
         839   151.020006000996        17.0971693313722     
         840   151.200006008148        17.1723462199876     
         841   151.380006015301        17.0352907583598     
         842   151.560006022453        16.8245120249418     
         843   151.740006029606        16.7432930044988     
         844   151.920006036758        16.9242686721702     
         845   152.100006043911        17.3289265511841     
         846   152.280006051064        17.7879786072613     
         847   152.460006058216        18.1280501939927     
         848   152.640006065369        18.2631294115596     
         849   152.820006072521        18.2158673311771     
         850   153.000006079674        18.0858261007871     
         851   153.180006086826        17.9839219209289     
         852   153.360006093979        17.9715738580089     
         853   153.540006101131        18.0457826592966     
         854   153.720006108284        18.1623931650440     
         855   153.900006115437        18.2697774955090     
         856   154.080006122589        18.3418163982916     
         857   154.260006129742        18.3903583219150     
         858   154.440006136894        18.4387245266007     
         859   154.620006144047        18.4830983869712     
         860   154.800006151199        18.4939927113944     
         861   154.980006158352        18.4575081089825     
         862   155.160006165504        18.4049267714249     
         863   155.340006172657        18.4013953525908     
         864   155.520006179810        18.5063172353422     
         865   155.700006186962        18.7323155434912     
         866   155.880006194115        19.0275340011420     
         867   156.060006201267        19.2978374006270     
         868   156.240006208420        19.4574952977192     
         869   156.420006215572        19.4734579034510     
         870   156.600006222725        19.3807612602952     
         871   156.780006229877        19.2663720498871     
         872   156.960006237030        19.2257326822679     
         873   157.140006244183        19.3089168531716     
         874   157.320006251335        19.4915175345710     
         875   157.500006258488        19.6938500322803     
         876   157.680006265640        19.8305959634524     
         877   157.860006272793        19.8541868647352     
         878   158.040006279945        19.7724516855279     
         879   158.220006287098        19.6397683831631     
         880   158.400006294250        19.5283119044315     
         881   158.580006301403        19.4932028620912     
         882   158.760006308556        19.5503329324356     
         883   158.940006315708        19.6766918702348     
         884   159.120006322861        19.8286439539639     
         885   159.300006330013        19.9666220407284     
         886   159.480006337166        20.0725710719455     
         887   159.660006344318        20.1503697748242     
         888   159.840006351471        20.2121892081595     
         889   160.020006358624        20.2657354768947     
         890   160.200006365776        20.3140325989401     
         891   160.380006372929        20.3628856611236     
         892   160.560006380081        20.4232227208778     
         893   160.740006387234        20.5050884198573     
         894   160.920006394386        20.6105724592645     
         895   161.100006401539        20.7309746385569     
         896   161.280006408691        20.8472549442939     
         897   161.460006415844        20.9336916780508     
         898   161.640006422997        20.9671251354826     
         899   161.820006430149        20.9398845273835     
         900   162.000006437302        20.8688221723549     
         901   162.180006444454        20.7932541708319     
         902   162.360006451607        20.7602162201031     
         903   162.540006458759        20.8028929744977     
         904   162.720006465912        20.9237600683190     
         905   162.900006473064        21.0927217693509     
         906   163.080006480217        21.2613434854975     
         907   163.260006487370        21.3845062761210     
         908   163.440006494522        21.4384795293400     
         909   163.620006501675        21.4289286987599     
         910   163.800006508827        21.3874245764045     
         911   163.980006515980        21.3578391039965     
         912   164.160006523132        21.3768889601612     
         913   164.340006530285        21.4570849188920     
         914   164.520006537437        21.5812964809164     
         915   164.700006544590        21.7119530922244     
         916   164.880006551743        21.8087639664648     
         917   165.060006558895        21.8452439013157     
         918   165.240006566048        21.8176936327885     
         919   165.420006573200        21.7451691689178     
         920   165.600006580353        21.6618364804743     
         921   165.780006587505        21.6046301039299     
         922   165.960006594658        21.6004301019398     
         923   166.140006601810        21.6574294108829     
         924   166.320006608963        21.7639932207639     
         925   166.500006616116        21.8951460123161     
         926   166.680006623268        22.0231471370163     
         927   166.860006630421        22.1268693947771     
         928   167.040006637573        22.1963494518278     
         929   167.220006644726        22.2323513039099     
         930   167.400006651878        22.2432043487299     
         931   167.580006659031        22.2411906539186     
         932   167.760006666183        22.2392053170934     
         933   167.940006673336        22.2474045288558     
         934   168.120006680489        22.2703228636547     
         935   168.300006687641        22.3061090231893     
         936   168.480006694794        22.3487527504349     
         937   168.660006701946        22.3918073115276     
         938   168.840006709099        22.4310667890167     
         939   169.020006716251        22.4651976384984     
         940   169.200006723404        22.4954222383949     
         941   169.380006730556        22.5255954756824     
         942   169.560006737709        22.5624488688044     
         943   169.740006744862        22.6145254803712     
         944   169.920006752014        22.6890312978870     
         945   170.100006759167        22.7878551580111     
         946   170.280006766319        22.9051928763541     
         947   170.460006773472        23.0282691250828     
         948   170.640006780624        23.1406656140459     
         949   170.820006787777        23.2266969747116     
         950   171.000006794930        23.2755416556037     
         951   171.180006802082        23.2843976783297     
         952   171.360006809235        23.2600608142690     
         953   171.540006816387        23.2182257309246     
         954   171.720006823540        23.1800520246780     
         955   171.900006830692        23.1664292327211     
         956   172.080006837845        23.1916384544287     
         957   172.260006844997        23.2588413251897     
         958   172.440006852150        23.3592239419359     
         959   172.620006859303        23.4749683777482     
         960   172.800006866455        23.5847007318201     
         961   172.980006873608        23.6694948675442     
         962   173.160006880760        23.7177898683105     
         963   173.340006887913        23.7281816627442     
         964   173.520006895065        23.7095956373253     
         965   173.700006902218        23.6787859678793     
         966   173.880006909370        23.6556273267708     
         967   174.060006916523        23.6573794290401     
         968   174.240006923676        23.6937161884786     
         969   174.420006930828        23.7642287648773     
         970   174.600006937981        23.8591289152912     
         971   174.780006945133        23.9625752076475     
         972   174.960006952286        24.0572352859343     
         973   175.140006959438        24.1286555649901     
         974   175.320006966591        24.1684332555599     
         975   175.500006973743        24.1756758615990     
         976   175.680006980896        24.1566099753581     
         977   175.860006988049        24.1225108961465     
         978   176.040006995201        24.0864854333187     
         979   176.220007002354        24.0600298706685     
         980   176.400007009506        24.0504445023932     
         981   176.580007016659        24.0598429535375     
         982   176.760007023811        24.0857571417002     
         983   176.940007030964        24.1227156550458     
         984   177.120007038116        24.1640617727585     
         985   177.300007045269        24.2035681683200     
         986   177.480007052422        24.2366980507691     
         987   177.660007059574        24.2614239427020     
         988   177.840007066727        24.2784339279408     
         989   178.020007073879        24.2905612799231     
         990   178.200007081032        24.3015015773295     
         991   178.380007088184        24.3142485649329     
         992   178.560007095337        24.3299170156849     
         993   178.740007102489        24.3474736049308     
         994   178.920007109642        24.3643936231706     
         995   179.100007116795        24.3777579600876     
         996   179.280007123947        24.3851741769023     
         997   179.460007131100        24.3851915128608     
         998   179.640007138252        24.3772941408363     
         999   179.820007145405        24.3617687481296     
        1000   180.000007152557        24.3396429947453     
